6088049387 0 514718883466 729714878386 67 1 0 0.0625 0.06433 0.0001554 1
6088049391 0 516885132961 729735072707 67 1 0 0.05627 0.2234 3.91e-05 1
6088049395 0 724205816358 729786416436 67 1 0 0.05627 0.06433 7.82e-05 1
6243111979 0 64317841447 74138487458 18 0 1 0.0625 0.0636 3.815e-05 1
6243371515 0 345463166579 454994614584 222 1 2 0.09375 0.03979 3.815e-05 1
6243371515 1 346879311524 456020111444 222 1 2 0.09375 0.03979 3.815e-05 0.8
6243371515 2 96256969999 455431424559 222 1 2 0.09375 0.03979 3.815e-05 0.8
6243371515 3 179245893668 454699385987 222 1 2 0.09375 0.03979 3.815e-05 0.8
6243371515 4 440597205012 456458780357 222 1 2 0.09375 0.03979 3.815e-05 0.8
6243371515 5 442806663159 456019042474 222 1 2 0.09375 0.03979 3.815e-05 0.8
