50058.0 0.988202923077
50151.7843137 0.991053411765
50248.0434783 0.994390956522
50351.2727273 0.990921090909
50453.4423077 0.988683461538
50553.6521739 0.988267217391
50665.097561 0.989538146341
50752.5 0.987978173913
50841.3170732 0.988348682927
50946.902439 0.992577170732
51058.2222222 0.991075851852
51154.5263158 0.990075894737
51254.1960784 0.989654117647
51340.7560976 0.987282634146
51440.2777778 0.986061888889
51547.5 0.984776666667
51640.3181818 0.988059090909
51742.0606061 0.992506181818
51854.6607143 0.989213357143
51956.0 0.987312615385
52047.5 0.990278933333
52130.1212121 0.989380484848
52241.8285714 0.989386514286
52349.7027027 0.989536108108
52441.8 0.994106666667
52551.4878049 0.994629560976
52651.3846154 0.993598615385
52750.5555556 0.993338777778
52848.9047619 0.993476190476
52958.8205128 0.993623794872
53051.245283 0.994065433962
53137.0 0.994260487805
53258.8333333 0.9932784
53364.8823529 0.993715764706
53444.3846154 0.994671692308
53546.4444444 0.994917777778
53654.875 0.994157357143
53758.2058824 0.993344823529
53849.2424242 0.99203030303
53976.4375 0.991496
54064.0833333 0.992013333333
54154.3076923 0.991374
54248.7857143 0.991230095238
54339.6333333 0.989931866667
54461.2272727 0.991960272727
54551.375 0.994377333333
54639.3928571 0.994404142857
54750.2307692 0.993242871795
54855.462963 0.993837851852
54958.8333333 0.996368666667
55051.4390244 0.995948292683
55149.5535714 0.994153357143
55253.1 0.99199952
55356.2432432 0.991554810811
55453.7142857 0.993586742857
55544.0909091 0.993934
55627.2903226 0.993343096774
55762.5 0.993125
55845.8888889 0.992776266667
55940.6190476 0.992962857143
56051.0833333 0.993432166667
56153.4324324 0.992383459459
56248.8604651 0.992465581395
56355.1836735 0.992970857143
56449.6153846 0.994225025641
56548.6 0.994992266667
56657.8076923 0.993204461538
56753.125 0.9932783
56857.2340426 0.994302978723
56944.8928571 0.995584142857
57046.1944444 0.995352888889
57147.7647059 0.995151529412
57249.673913 0.995290086957
57348.3076923 0.994345538462
57448.2142857 0.993772142857
57555.5192308 0.994164153846
57653.4 0.9934152
57749.8367347 0.99278644898
57847.6764706 0.994468117647
57957.5555556 0.995384333333
58049.5178571 0.9920945
58142.9444444 0.991664
58246.8571429 0.991129571429
58346.6388889 0.994649888889
58444.516129 0.994125032258
58550.9782609 0.993512347826
58661.875 0.9939735
58747.0727273 0.994249527273
58849.875 0.99451975
58949.6595745 0.994831659574
59059.5681818 0.993786272727
59154.5384615 0.993768205128
59242.0512821 0.994386769231
59357.8333333 0.9946972
59450.8409091 0.994229272727
59549.9545455 0.992323818182
59656.2272727 0.988744636364
59748.6666667 0.987483878788
59846.8387097 0.986686709677
59947.8372093 0.987651069767
60037.755102 0.986437795918
60148.3829787 0.98763906383
60241.375 0.9867825
60356.047619 0.985678666667
60446.3809524 0.987041809524
60552.2413793 0.988706482759
60648.1707317 0.98987902439
60762.2380952 0.989439809524
60869.4375 0.98766175
60936.5625 0.98670525
61068.1153846 0.986636153846
61128.5625 0.9888295
61245.8292683 0.988678634146
61344.3055556 0.988037111111
61435.5769231 0.988574
61545.7826087 0.992733478261
61656.7297297 0.991899351351
61758.0434783 0.992048086957
61858.675 0.9918955
61932.1111111 0.992431666667
62052.0384615 0.992831538462
62152.0 0.992743644444
62242.375 0.992383375
62354.4782609 0.991742869565
62450.0967742 0.992426064516
62551.6666667 0.992318823529
62653.4782609 0.99294026087
62755.25 0.9932738
62849.84375 0.992411375
62957.0 0.991719354839
63038.25 0.990721888889
63137.5365854 0.990581268293
63237.5625 0.99021325
63359.1818182 0.989137363636
63450.1818182 0.988443515152
63556.0 0.9883528
63648.125 0.987032875
63741.2903226 0.987923483871
63826.1818182 0.985373818182
63949.1578947 0.987601684211
64045.2121212 0.988203636364
64171.75 0.9884845
64246.8478261 0.987780347826
64329.1153846 0.985982
64445.3225806 0.986352258065
64560.3225806 0.986039870968
64643.9354839 0.985932
64743.7619048 0.985933714286
64853.4722222 0.985123666667
64939.5 0.985629
65046.9761905 0.986611333333
65143.5833333 0.989099444444
65234.8571429 0.988162285714
65360.3783784 0.987275675676
65439.6285714 0.990446742857
65542.5238095 0.989624761905
65659.1935484 0.988978451613
65764.5714286 0.991088952381
65846.4516129 0.991158451613
65947.8536585 0.991289365854
66047.0 0.988803444444
66154.2954545 0.987916454545
66241.4705882 0.988653764706
66340.975 0.9866838
66443.5238095 0.986222285714
66548.4814815 0.983748148148
66648.2045455 0.984646636364
66753.8918919 0.986747027027
66847.8888889 0.987211555556
66956.2903226 0.989061548387
67051.6451613 0.98863883871
67145.4230769 0.98894
67271.1818182 0.989162545455
67351.4761905 0.987921904762
67450.4444444 0.986813111111
67553.0 0.986752933333
67653.5945946 0.986775351351
67756.2222222 0.987669688889
67850.0 0.98669
67939.6428571 0.986300761905
68055.5106383 0.985863574468
68153.4318182 0.985627818182
68253.6363636 0.987167272727
68360.2142857 0.985604857143
68455.3809524 0.982506095238
68540.75 0.982769222222
68667.1935484 0.985802322581
68757.047619 0.984585142857
68845.9230769 0.984991846154
68958.9347826 0.983704173913
69045.3846154 0.984551261538
69140.7407407 0.983406962963
69253.1153846 0.983581538462
69363.2916667 0.984154833333
69456.4130435 0.98568373913
69558.2352941 0.984131294118
69647.1666667 0.984129238095
69744.6296296 0.988914518519
69851.3076923 0.987137076923
69955.0277778 0.988409
70047.5178571 0.988391357143
70144.0655738 0.987437704918
70254.8780488 0.988157268293
70353.2727273 0.986870363636
70470.7826087 0.986808
70563.2307692 0.987446923077
70664.4230769 0.988163230769
70752.7804878 0.985472292683
70847.4375 0.98596475
70945.4390244 0.986124487805
71051.0384615 0.990393230769
71150.5714286 0.988639214286
71247.4761905 0.990730095238
71353.8 0.990334755556
71473.9310345 0.986879172414
71555.3684211 0.987798947368
71657.8333333 0.987758
71744.5 0.98618626087
71856.1666667 0.983936333333
71965.7857143 0.982470428571
72055.862069 0.98293862069
72166.0625 0.98333
72236.1153846 0.983092307692
72340.0 0.984595076923
72453.9677419 0.991278193548
72534.9375 0.992697
72646.9615385 0.992987384615
72752.4390244 0.994790926829
72856.859375 0.99458175
72949.8448276 0.993902344828
73052.9393939 0.993508484848
73145.3333333 0.995596410256
73251.5 0.996040266667
73347.3617021 0.995203914894
73452.0 0.993407571429
73581.875 0.99353075
73650.3043478 0.993819304348
73753.8181818 0.993396181818
73853.76 0.99297216
73964.0909091 0.99194
74061.6538462 0.993175538462
74137.8125 0.99231675
74258.8095238 0.992125904762
74340.9047619 0.991652952381
74452.4615385 0.992502153846
74523.8571429 0.992452
74648.6538462 0.993119384615
74727.1923077 0.993164615385
74872.0 0.992982666667
74943.1333333 0.992813422222
75039.8076923 0.993144
75151.7222222 0.992947444444
75253.7307692 0.993331384615
75341.9803922 0.993435058824
75461.4193548 0.992406322581
75563.75 0.992542
75647.1290323 0.992317677419
75787.25 0.993007
75854.5555556 0.992840333333
75949.3333333 0.992015137255
76047.8 0.99069944
76147.0 0.990773904762
76247.3125 0.990784125
76354.1351351 0.990558162162
76442.1842105 0.990731684211
76548.952381 0.991289428571
76642.8055556 0.991809111111
76750.25 0.99230175
76851.5128205 0.992516307692
76934.2142857 0.992853428571
77040.9166667 0.991887222222
77168.7307692 0.988424615385
77240.7916667 0.989674833333
77343.6111111 0.989712888889
77454.9302326 0.990826976744
77544.3461538 0.990370307692
77635.1612903 0.989016774194
77773.9166667 0.990526666667
77859.3928571 0.989613857143
77947.6086957 0.990937217391
78040.8913043 0.990512782609
78141.2857143 0.988974666667
78242.2285714 0.986469371429
78357.4230769 0.984422307692
78456.8571429 0.984347238095
78562.875 0.98544325
78661.0 0.985328
78743.7608696 0.984527826087
78867.8064516 0.983585806452
78953.6111111 0.986475333333
79028.5454545 0.991525090909
79153.7307692 0.992248615385
79260.4782609 0.993141304348
79331.5384615 0.991367538462
79442.5806452 0.988846322581
79553.2222222 0.985370888889
79665.7619048 0.985963047619
79752.3333333 0.986754666667
79831.7777778 0.987494666667
79948.3888889 0.988208333333
80064.25 0.98638025
80142.375 0.9857725
80245.6078431 0.984175215686
80367.3928571 0.984796
80447.9117647 0.984433411765
80552.3333333 0.986410844444
80661.1666667 0.984866857143
80742.0555556 0.988006555556
80853.1290323 0.989000387097
80960.8913043 0.988493217391
81046.5581395 0.987138883721
81145.7692308 0.985677538462
81257.71875 0.985561
81336.0 0.986073684211
81457.6129032 0.984705935484
81557.1290323 0.984586064516
81625.1666667 0.984388
81746.7142857 0.993163047619
81857.1538462 0.995017435897
81948.4827586 0.987595448276
82055.3157895 0.982962947368
82156.0 0.982627586207
82253.047619 0.98272952381
82365.8292683 0.982643902439
82439.5 0.987359846154
82542.3170732 0.984844195122
82641.8461538 0.984423692308
82749.8571429 0.985660190476
82852.0416667 0.983969333333
82955.4782609 0.982886608696
83069.6875 0.98293025
83158.8709677 0.986017548387
83246.0 0.986857333333
83342.9615385 0.987001846154
83452.9354839 0.987174064516
83575.1428571 0.986481714286
83638.6538462 0.985712769231
83750.7741935 0.984374967742
83859.7073171 0.987336780488
83961.5128205 0.988264615385
84055.9302326 0.988005023256
84147.9512195 0.987274536585
84255.3333333 0.986580777778
84335.7272727 0.986160363636
84449.4285714 0.987139047619
84549.2 0.98698792
84668.0 0.987911428571
84744.0 0.988249294118
84860.5 0.9886117
84959.6875 0.987721
85028.625 0.9856275
85154.1612903 0.98464283871
85250.6538462 0.984539384615
85362.9512195 0.983364487805
85452.25 0.983033333333
85543.4615385 0.984703230769
85659.3939394 0.986315393939
85750.1111111 0.984216266667
85852.6333333 0.9841708
85949.3030303 0.983628
86031.9032258 0.984968387097
86161.75 0.987121
86247.1707317 0.988153463415
86354.0384615 0.987550307692
86445.1176471 0.987983058824
86537.1071429 0.988477
86633.047619 0.989642095238
86759.0967742 0.989633935484
86845.1388889 0.986766333333
86948.0952381 0.984932190476
87058.6585366 0.985329756098
87135.3333333 0.984856
87254.2307692 0.986672307692
87344.3170732 0.989442926829
87455.8484848 0.989822666667
87551.5806452 0.990518064516
87649.6097561 0.99137102439
87748.5869565 0.991819304348
87855.7073171 0.991531512195
87953.8958333 0.991748083333
88045.6206897 0.990835034483
88176.3055556 0.989936888889
88257.1935484 0.992032516129
88357.5365854 0.99214204878
88450.9756098 0.992205073171
88550.6229508 0.991023803279
88655.7804878 0.988592292683
88754.3478261 0.987328608696
88856.9512195 0.98980302439
88958.0 0.986722926829
89046.3611111 0.985408555556
89155.5609756 0.988337365854
89255.5833333 0.990558266667
89353.7692308 0.992256538462
89453.1509434 0.992880981132
89558.3877551 0.991294204082
89668.5625 0.992512875
89751.2181818 0.9913088
89851.0 0.992022204082
89954.3461538 0.991986307692
90048.2692308 0.991461230769
90152.7222222 0.990986444444
90237.7419355 0.992816
90353.0784314 0.992887529412
90449.0967742 0.993796645161
90552.625 0.99248
90649.0625 0.9890695
90749.3055556 0.989250222222
90856.3684211 0.992410421053
90956.8813559 0.996611932203
91052.875 0.9965283125
91146.7012987 0.996323324675
91248.8658537 0.996332536585
91352.2857143 0.996160514286
91450.1805556 0.995921611111
91548.375 0.9958415
91655.175 0.9956743
91752.5641026 0.995618820513
91851.0512821 0.995622512821
91951.2696629 0.995626741573
92049.8522727 0.995794772727
92147.2674419 0.995676325581
92249.0107527 0.995424258065
92347.5287356 0.98589737931
92449.0666667 0.98006544
92538.4038462 0.984968384615
92641.8039216 0.987648705882
92755.1111111 0.984218755556
92851.625 0.9849
92949.5438596 0.983097473684
93048.5522388 0.986386626866
93148.6176471 0.995447764706
93246.7317073 0.994692487805
93341.6666667 0.994879686275
93447.9756098 0.994192682927
93528.4761905 0.994208380952
93663.6585366 0.993677853659
93747.0555556 0.993657666667
93856.6415094 0.993783396226
93953.4285714 0.994516244898
94049.0 0.994236830189
94148.5802469 0.978669580247
94245.1166667 0.97353
94353.5344828 0.975085517241
94450.5757576 0.975849090909
94551.2678571 0.972946857143
94651.0384615 0.973164923077
94748.0136986 0.974370684932
94850.4383562 0.974697260274
94947.171875 0.982227875
95055.5 0.977506
95148.7142857 0.980678730159
95243.1 0.984182
95350.625 0.978999428571
95453.7619048 0.975304634921
95544.5098039 0.972120862745
95645.1509434 0.971640377358
95757.7457627 0.967945830508
95858.6176471 0.967175764706
95947.7887324 0.970960676056
96049.4918033 0.969563278689
96160.5 0.983357533333
96253.0487805 0.983046146341
96349.9677419 0.983110258065
96455.6515152 0.980963515152
96557.6885246 0.982763147541
96647.5849057 0.982497207547
96744.5714286 0.986394666667
96845.8684211 0.988619578947
96953.673913 0.987457826087
97049.5172414 0.987920827586
97153.8767123 0.986905589041
97247.5961538 0.987443153846
97350.3928571 0.985878214286
97449.2682927 0.985513560976
97546.2608696 0.986692956522
97659.8461538 0.986411794872
97742.4545455 0.983608242424
97841.902439 0.983465560976
97947.75 0.98674875
98053.2045455 0.990698818182
98151.7647059 0.988376627451
98251.0909091 0.986489963636
98342.6190476 0.984324095238
98454.1538462 0.986883692308
98543.3404255 0.985508425532
98661.1463415 0.982301365854
98749.9642857 0.984380428571
98848.9512195 0.985730731707
98950.4927536 0.986891594203
99058.125 0.987029833333
99150.1315789 0.987984210526
99244.95 0.9862335
99351.3428571 0.988385142857
99445.025 0.9933935
99548.5217391 0.987705652174
99651.7741935 0.981327870968
99754.9761905 0.980759333333
99843.6909091 0.977883927273
99950.8478261 0.982955391304
100051.193548 0.989629290323
100145.941176 0.991679686275
100250.446429 0.988191928571
100348.820513 0.987350871795
100448.023256 0.986836186047
100561.027778 0.983135777778
100647.583333 0.981887
100746.461538 0.980953846154
100845.684211 0.980833964912
100949.23913 0.986236521739
101046.54 0.98296976
101147.931818 0.981250636364
101247.928571 0.981641
101350.95122 0.979587317073
101447.586957 0.98167773913
101551.918033 0.982141114754
101650.625 0.982646428571
101747.926829 0.983010439024
101852.263158 0.985236
101940.466667 0.984917955556
102049.901961 0.986176235294
102146.180328 0.986806229508
102257.614035 0.986137122807
102352.132353 0.985977
102446.873016 0.983279301587
102551.434783 0.98823973913
102653.431373 0.996762980392
102752.87931 0.996173724138
102848.078652 0.995720674157
102951.178571 0.994266333333
103050.059524 0.988997095238
103149.654762 0.977973285714
103245.957447 0.974436765957
103354.114754 0.979671213115
103451.607143 0.981642142857
103546.625 0.977305875
103648.458333 0.978129333333
103745.802817 0.979720732394
103852.9 0.98540288
103949.343284 0.986858626866
104048.696429 0.988929785714
104155.090909 0.987991181818
104249.810345 0.987363586207
104354.813559 0.981874169492
104452.727273 0.976776909091
104551.594203 0.980795768116
104650.086207 0.980374965517
104746.069767 0.97656855814
104851.289855 0.978882666667
104948.852459 0.980593836066
105048.735849 0.976624679245
105146.903846 0.977934307692
105249.14 0.97801264
105347.321429 0.978356071429
105458.529412 0.980645254902
105548.882353 0.982536941176
105653.045455 0.981545272727
105752.843137 0.981729176471
105851.482143 0.978913357143
105952.956522 0.977926608696
106043.487805 0.976185365854
106149.957746 0.98031656338
106260.6 0.98117936
106348.527778 0.988151055556
106451.5 0.978855647059
106552.391304 0.979115188406
106648.560606 0.989376
106749.769231 0.991375753846
106855.327586 0.987772275862
106948.770492 0.98363947541
107051.073171 0.986224341463
107155.571429 0.98782555102
107243.129032 0.985824516129
107348.609375 0.976862125
107451.532258 0.97710516129
107550.615385 0.974554584615
107653.808824 0.974794529412
107750.455696 0.975258835443
107848.236111 0.973833888889
107949.114754 0.969671868852
108054.846154 0.970646092308
108151.547619 0.963837428571
108245.705882 0.953904705882
108353.051724 0.959104
108441.491525 0.952153898305
108548.156863 0.974812705882
108649.125 0.989551214286
108757.964912 0.984221403509
108850.5125 0.9768083
108952.377049 0.976986754098
109042.19697 0.97867369697
109144.71831 0.975479323944
109250.195652 0.944397043478
109355.21875 0.923268
109446.086207 0.911796482759
109559.409091 0.921192454545
109645.978261 0.92994026087
109754.490566 0.967866867925
109858.069767 0.961862790698
109955.703704 0.98451437037
110051.444444 0.989094533333
110144.647887 0.994685577465
110247.761905 0.994115746032
110351.164948 0.987423257732
110449.586957 0.969844391304
110543.614286 0.945105257143
110647.592593 0.951916074074
110741.454545 0.945361
110844.910714 0.944995571429
110946.075472 0.953301962264
111051.666667 0.9611202
111147.903226 0.966941612903
111248.152174 0.965119304348
111335.964286 0.963753571429
111459.272727 0.964056363636
111546.658537 0.965838243902
111656.95122 0.969808097561
111755.37931 0.983590275862
111847.103448 0.97933862069
111949.183099 0.975132676056
112036.609756 0.971989170732
112155.264706 0.969308588235
112254.54717 0.976818867925
112351.416667 0.9801858
112447.574468 0.980273787234
112556.368421 0.980690421053
112651.283333 0.9839416
112744.754098 0.984758295082
112854.642857 0.984023928571
112947.044444 0.982294311111
113060.543478 0.979866695652
113150.693878 0.980683836735
113257.848485 0.984028848485
113344.414634 0.984154731707
113444.283019 0.981254339623
113548.734694 0.98213722449
113649.181818 0.984969236364
113746.290323 0.980526451613
113849.365854 0.979900878049
113965.0 0.982301942857
114049.982456 0.980507578947
114144.722222 0.980840666667
114249.65625 0.975232875
114353.014706 0.976412647059
114455.581395 0.975780744186
114548.156863 0.978872235294
114655.326087 0.979717913043
114749.340426 0.984172340426
114852.467742 0.985889870968
114948.388889 0.988367037037
115051.327586 0.981846206897
115148.389831 0.984652135593
115250.283582 0.983806447761
115349.952381 0.98358152381
115453.033333 0.9822292
115551.507937 0.983578031746
115644.015873 0.976568825397
115756.147541 0.978237901639
115848.594937 0.980572253165
115953.223881 0.980058089552
116050.058824 0.958144764706
116156.2 0.950388746667
116250.37931 0.94448662069
116343.828125 0.93347525
116454.471698 0.941748301887
116551.782609 0.944742608696
116647.197368 0.953226947368
116755.0 0.963187217391
116853.454545 0.958153381818
116949.22807 0.958194736842
117050.208955 0.965626507463
117147.413793 0.967935517241
117247.09434 0.959451849057
117357.759259 0.951682074074
117455.0 0.975063536232
117545.948276 0.962891103448
117648.863636 0.948581454545
117749.542857 0.946428742857
117851.569231 0.957623015385
117950.415385 0.946386338462
118056.333333 0.947195022222
118139.810811 0.944428756757
118259.333333 0.947673846154
118354.910714 0.953785928571
118445.558824 0.952127117647
118555.576271 0.948404813559
118649.333333 0.943826095238
118748.156863 0.938243294118
118855.153846 0.966543753846
118953.277778 0.981940222222
119045.6 0.967069066667
119155.919355 0.961412129032
119243.780488 0.95272897561
119350.860465 0.955790418605
119457.462963 0.955700222222
119553.089286 0.956638214286
119655.690476 0.960789428571
119746.630435 0.966972347826
119852.622951 0.965823344262
119950.6 0.952936072727
120059.181818 0.960413636364
120147.511111 0.966459288889
120256.777778 0.978540962963
120348.852941 0.960157176471
120451.762712 0.955548338983
120553.137255 0.950987607843
120645.982143 0.954086214286
120757.829268 0.950502439024
120851.114754 0.957787081967
120952.911765 0.980499058824
121061.348837 0.983385023256
121148.895833 0.984794916667
121250.113636 0.983292
121349.532468 0.990016103896
121448.402985 0.98484961194
121552.322034 0.983441762712
121647.714286 0.985833571429
121746.375 0.9859852
121851.768116 0.982719362319
121952.825397 0.98282215873
122048.131579 0.986436947368
122146.966102 0.990669288136
122247.014925 0.990164
122351.660714 0.991822928571
122447.897059 0.989128411765
122551.384615 0.990254384615
122654.509091 0.988291490909
122752.774194 0.987817032258
122850.510204 0.990117142857
122949.52 0.98961984
123052.160714 0.989770857143
123163.138889 0.988707
123250.869565 0.990322434783
123348.276596 0.990748765957
123434.575 0.9890238
123559.019608 0.985217960784
123642.456522 0.983046
123750.756098 0.983739121951
123837.255814 0.980805767442
123949.022727 0.980519363636
124059.660714 0.979964642857
124160.444444 0.992578296296
124247.017241 0.980042896552
124359.615385 0.978871538462
124452.934783 0.979067217391
124545.297872 0.984328595745
124652.571429 0.985778204082
124747.096154 0.985300769231
124858.609756 0.989283707317
124952.682927 0.990390341463
125052.935484 0.992056387097
125133.354839 0.991905419355
125245.847826 0.991239913043
125348.451613 0.990666064516
125465.378378 0.990541513514
125540.737705 0.994159081967
125653.594595 0.99260627027
125749.387097 0.989953548387
125846.603175 0.982782222222
125952.853659 0.983869560976
126050.107143 0.992262857143
126153.615385 0.990303323077
126251.716418 0.987900835821
126350.217391 0.988052347826
126447.238095 0.990231238095
126549.46 0.99080312
126646.341463 0.988694926829
126743.560976 0.988665560976
126847.764706 0.987860941176
126948.964286 0.987279857143
127051.04878 0.98932195122
127145.75 0.991383642857
127250.21875 0.9934189375
127350.411765 0.991050588235
127447.967742 0.990392387097
127550.614286 0.991523542857
127652.086957 0.990856985507
127750.094118 0.990447811765
127852.472973 0.989652864865
127952.493151 0.988558246575
128047.7125 0.9801392
128152.142857 0.986382666667
128253.964912 0.982283157895
128350.685185 0.983107851852
128453.3 0.9833533
128552.557692 0.981006538462
128657.682927 0.979245658537
128750.75 0.983448363636
128854.28125 0.9864478125
128948.964912 0.982986526316
129055.404762 0.982530095238
129147.878049 0.991677268293
129252.087719 0.990623789474
129349.365079 0.988311365079
129449.431034 0.982233586207
129555.548387 0.986718451613
129643.585366 0.988367317073
129753.153846 0.986483692308
129860.978261 0.984835826087
129953.707317 0.981571219512
130039.076923 0.984932717949
130155.686275 0.985738196078
130246.241379 0.985338206897
130357.853659 0.986123219512
130436.463415 0.985265073171
130545.444444 0.983722592593
130648.767442 0.983998976744
130751.5 0.980056888889
130841.027778 0.977108444444
130953.170732 0.976672585366
131054.529412 0.978928
131151.363636 0.981871781818
131253.446154 0.986600553846
131351.967213 0.985407868852
131450.952381 0.986010619048
131550.011905 0.985641714286
131650.185185 0.985353975309
131751.414634 0.985618195122
131850.049383 0.979235111111
131951.821429 0.976448142857
132058.321429 0.973024142857
132150.232143 0.973275214286
132258.741379 0.97649137931
132350.067797 0.977679864407
132447.529412 0.978762509804
132547.357143 0.978155285714
132655.095238 0.980200857143
132745.416667 0.978873533333
132855.028169 0.981650873239
132952.678571 0.9825345
133045.035714 0.981804214286
133144.981481 0.984056814815
133254.854167 0.984403833333
133349.921569 0.983127058824
133440.178571 0.984228071429
133552.439024 0.992175609756
133648.318182 0.986251454545
133744.87234 0.984277702128
133849.722222 0.984833888889
133942.647059 0.985509098039
134044.777778 0.984104
134160.318182 0.980800909091
134248.860465 0.977521674419
134354.205128 0.974604102564
134452.31746 0.972265650794
134542.369565 0.968932173913
134651.869565 0.981611478261
134750.648649 0.981988432432
134847.642857 0.996003771429
134965.137931 0.99707337931
135058.603774 0.996565433962
135159.898305 0.996022644068
135248.306667 0.995077493333
135352.6 0.989639542857
135455.458333 0.9842775
135553.082353 0.977496564706
135648.098592 0.978831943662
135750.941176 0.981724047059
135853.028986 0.980031072464
135951.60241 0.979963180723
136050.066667 0.971857813333
136151.8 0.93872495
136245.632353 0.938466
136348.224138 0.938116413793
136446.722222 0.968112148148
136555.196078 0.962010196078
136652.446429 0.968645642857
136751.568627 0.983680862745
136844.754717 0.982682264151
136948.372881 0.977579389831
137051.731707 0.971666926829
137151.782609 0.975414
137257.714286 0.974545828571
137349.411765 0.973304705882
137458.762712 0.964441491525
137544.218182 0.955706690909
137650.16 0.94599768
137749.806452 0.943455225806
137847.456522 0.943000695652
137965.852941 0.946246823529
138043.956522 0.946610086957
138149.671053 0.977050210526
138246.75 0.980125666667
138348.278689 0.982852262295
138453.482143 0.985244714286
138552.224138 0.982204275862
138651.461538 0.985282461538
138759.176471 0.979224627451
138852.884058 0.961244289855
138950.969231 0.947508676923
139048.484375 0.949157875
139151.27451 0.954072235294
139255.333333 0.9544342
139349.5625 0.965461625
139459.821429 0.9732235
139555.15942 0.952146550725
139649.978261 0.959951304348
139764.131579 0.956604105263
139847.129032 0.955164322581
139952.5 0.953451724138
140055.452381 0.95128247619
140157.033333 0.9542634
140242.695652 0.957523217391
140348.827586 0.954858
140449.717949 0.954625333333
140553.5 0.953899565217
140658.416667 0.951693
140758.309524 0.960034095238
140836.575 0.964683
140945.645161 0.966590451613
141052.585366 0.969374439024
141147.195652 0.971900956522
141245.071429 0.97268
141351.470588 0.973124117647
141456.3 0.97550152
141553.833333 0.9789185
141643.35 0.9666214
141758.333333 0.970917777778
141854.804878 0.968628487805
141953.222222 0.976035333333
142053.815385 0.983501353846
142137.076923 0.985399487179
142255.447368 0.985305157895
142350.270833 0.98837325
142449.489362 0.986264340426
142549.553191 0.984922468085
142645.2 0.9833844
142750.892857 0.984263357143
142843.171053 0.985516
142953.45098 0.984948392157
143056.521739 0.990616521739
143155.852459 0.989342098361
143248.492537 0.986204955224
143349.740741 0.981919407407
143448.436364 0.968981018182
143554.283019 0.959042867925
143649.553571 0.955002214286
143758.571429 0.952215285714
143854.352941 0.95113654902
143967.595238 0.948809714286
144046.125 0.9526609
144154.576923 0.949391846154
144259.970588 0.953804941176
144354.837209 0.960633209302
144458.52459 0.967531803279
144548.272727 0.961632945455
144638.128205 0.955828923077
144753.954545 0.960713818182
144854.152174 0.960803826087
144961.9375 0.984154125
145049.761905 0.985604190476
145149.25974 0.987289714286
145246.240964 0.98652139759
145348.218391 0.97706891954
145438.194444 0.960221777778
145551.428571 0.980210171429
145642.75 0.98790425
145748.0 0.9878995
145833.142857 0.987352
145929.576923 0.988053846154
146055.509804 0.986904470588
146145.784314 0.987993098039
146250.5625 0.985226916667
146349.538462 0.981880615385
146455.928571 0.979086571429
146547.15 0.9780427
146631.72973 0.982842918919
146748.152174 0.985105391304
146850.927273 0.983448363636
146948.926829 0.977566731707
147053.282609 0.974437652174
147143.875 0.97542975
147235.138889 0.974973333333
147342.829787 0.974542638298
147466.057143 0.973913942857
147557.946429 0.973303142857
147648.18 0.97346408
147763.916667 0.981200166667
147845.766667 0.9866624
147954.962963 0.982062518519
148045.852941 0.980347176471
148153.5 0.983235416667
148253.483871 0.989500645161
148355.358974 0.986812102564
148453.232558 0.981701488372
148553.282609 0.982267130435
148651.545455 0.981367818182
148757.685714 0.9822928
148831.666667 0.982492
148949.978723 0.981914297872
149051.64 0.97884072
149146.170732 0.978179121951
149256.444444 0.977923777778
149347.25 0.976734545455
149449.180328 0.958271540984
149549.578947 0.950484912281
149654.029412 0.951338588235
149744.814815 0.948869703704
149852.7 0.9452216
149945.595238 0.938919238095
150048.472222 0.947848111111
150151.847826 0.947563043478
150244.806452 0.944817935484
150361.709677 0.948772258065
150461.6875 0.94803675
150553.857143 0.948388190476
150663.333333 0.947927619048
150756.341463 0.94794195122
150846.305556 0.949281333333
150939.565217 0.950380434783
151048.068966 0.949346206897
151146.829268 0.950342341463
151255.611111 0.950939111111
151351.325581 0.950371162791
151454.489796 0.960151591837
151555.361111 0.972374666667
151645.142857 0.968818095238
151742.619048 0.971207428571
151839.878049 0.958080682927
151952.571429 0.958359619048
152063.5 0.967956
152149.535714 0.983343285714
152276.428571 0.983516952381
152363.083333 0.981129833333
152449.509804 0.972357333333
152567.096774 0.975277935484
152649.729167 0.976701333333
152749.771429 0.979842057143
152860.4 0.987873866667
152950.146341 0.986838439024
153041.529412 0.976589568627
153165.5 0.97470175
153254.952381 0.975903238095
153351.730769 0.975461692308
153460.0 0.978294
153536.5 0.983154285714
153657.862069 0.986104137931
153742.361111 0.984562
153851.055556 0.982701888889
153945.464286 0.982069357143
154068.857143 0.981296857143
154141.0 0.979849555556
154248.107143 0.978832714286
154352.5 0.977655444444
154442.636364 0.977929363636
154546.152174 0.978374695652
154646.413793 0.978197724138
154746.37037 0.976193037037
154851.142857 0.976661285714
154954.095238 0.97789752381
155054.638889 0.982082111111
155158.136364 0.983333090909
155259.466667 0.983552933333
155355.064516 0.983408258065
155452.857143 0.982142666667
155558.487805 0.980421463415
155649.823529 0.981449058824
155752.608696 0.982206608696
155861.857143 0.980324571429
155951.322581 0.989204
156043.8 0.9932256
156169.0625 0.9928495
156238.0 0.993040333333
156346.375 0.99407375
156437.952381 0.994331047619
156548.142857 0.993763714286
156651.931818 0.994251
156753.825 0.9930116
156872.903226 0.991873290323
156944.8 0.99017472
157053.903846 0.984678538462
157154.4 0.9829288
157258.340909 0.983187636364
157359.421053 0.979859052632
157450.087719 0.983522385965
157552.413043 0.982652782609
157652.722222 0.981889111111
157748.0 0.982085422222
157845.787234 0.98309906383
157936.423077 0.982334769231
158062.380952 0.983999238095
158138.875 0.982578
158248.575 0.9842951
158356.714286 0.984709142857
158451.952381 0.981969047619
158552.744681 0.98132306383
158641.45 0.9799217
158745.384615 0.979589230769
158856.680851 0.980758638298
158948.58 0.98195952
159056.83871 0.983438451613
159145.857143 0.99140952381
159256.285714 0.9913128
159347.925926 0.992221777778
159455.0 0.989226
159552.901961 0.98781254902
159651.461538 0.985476923077
159745.914894 0.984836170213
159842.882353 0.984548078431
159947.04918 0.983709836066
160043.774194 0.981358709677
160159.65625 0.980805375
160249.236364 0.980983127273
160355.483871 0.980689032258
160451.074074 0.980845925926
160549.924242 0.979940848485
160651.696429 0.9805935
160748.2 0.9812223
160858.045455 0.981996818182
160952.653061 0.980667918367
161047.466667 0.980390044444
161159.0 0.980577488372
161251.30303 0.980772121212
161360.217391 0.980394521739
161454.1875 0.98350275
161557.22449 0.982199020408
161650.181818 0.980443272727
161748.213115 0.978890622951
161851.075472 0.977629660377
161953.54 0.97671472
162059.966667 0.976429866667
162158.152174 0.977249217391
162261.658537 0.97651804878
162350.243902 0.977074243902
162450.809524 0.978489333333
162553.72 0.97688104
162652.5 0.977007777778
162750.653846 0.978362769231
162853.391304 0.98109426087
162948.137255 0.979638196078
163060.0 0.983854285714
163151.103448 0.987842965517
163254.028571 0.987547428571
163349.125 0.983253714286
163458.5 0.980961259259
163543.380952 0.979231619048
163656.039216 0.983422509804
163756.472222 0.981356666667
163846.121212 0.983336606061
163960.76087 0.983432347826
164057.698113 0.991027924528
164158.75 0.982425923077
164249.30303 0.981078363636
164348.333333 0.977534044444
164446.639344 0.972086557377
164547.893617 0.971494808511
164655.294118 0.974030588235
164751.0 0.97331322449
164850.301887 0.969745207547
164948.677419 0.965572
165045.555556 0.970177
165165.783784 0.974912864865
165243.2 0.9710955
165355.761905 0.970516380952
165453.181818 0.973145090909
165551.444444 0.975927666667
165658.821429 0.977577857143
165754.421053 0.978997578947
165857.65625 0.98546125
165940.707317 0.983856
166061.380952 0.979679047619
166160.195652 0.978388869565
166248.916667 0.985046777778
166354.111111 0.990814777778
166450.285714 0.989660326531
166546.603448 0.977477862069
166654.305556 0.977470444444
166724.727273 0.979850909091
166843.647059 0.980075529412
166961.697674 0.975855906977
167043.390244 0.975629853659
167153.611111 0.978077444444
167254.347826 0.974783217391
167356.809524 0.971766095238
167457.0 0.973964
167548.621622 0.974302486486
167647.742857 0.982443657143
167759.5 0.9816604
167845.678571 0.980442
167941.111111 0.981106888889
168074.888889 0.978277777778
168137.384615 0.973969230769
168259.461538 0.972346615385
168356.727273 0.974928363636
168460.870968 0.975654580645
168546.428571 0.97875352381
168644.909091 0.975799151515
168751.444444 0.974446666667
168858.658537 0.979417658537
168951.516129 0.984446580645
169070.142857 0.982621714286
169153.478261 0.98179026087
169251.978261 0.984297043478
169354.137255 0.983592392157
169443.375 0.982012357143
169557.115385 0.979858
169652.804878 0.982357560976
169745.404255 0.983527489362
169848.92 0.9838704
169948.375 0.984148083333
170051.074074 0.984526740741
170152.017241 0.982933793103
170254.285714 0.982915428571
170342.934783 0.98197226087
170453.283333 0.982806266667
170545.409836 0.983782229508
170637.836364 0.980360290909
170752.25 0.979004928571
170854.780488 0.979626536585
170939.305556 0.975831555556
171060.0 0.97525048
171146.333333 0.977000410256
171250.473684 0.976638736842
171362.333333 0.973909333333
171449.636364 0.972801454545
171574.454545 0.975383636364
171661.904762 0.973756952381
171755.0625 0.971871
171906.0 0.970592
171954.818182 0.973803272727
172070.487179 0.987299282051
172151.311475 0.988793245902
172249.767442 0.988946697674
172345.192308 0.990169538462
172441.761905 0.991123238095
172558.782609 0.99015373913
172658.068182 0.990988727273
172746.673913 0.993444086957
172850.277778 0.992841
172938.615385 0.992321384615
173048.5 0.9911115
173147.695652 0.990041217391
173251.0 0.988794526316
173366.153846 0.989336153846
173424.0 0.990214666667
173566.25 0.9895282
173644.21875 0.990898875
173759.166667 0.9910464
173853.375 0.989486625
174123.0 0.988508
174123.0 0.988508
174164.125 0.9898485
174247.952381 0.989962095238
174384.0 0.989547333333
174441.363636 0.989684
174570.210526 0.988560842105
174654.396226 0.988228603774
174752.793103 0.988059517241
174845.425 0.9831706
174940.314286 0.982817028571
175049.857143 0.980041714286
175153.369565 0.976262173913
175244.52381 0.977424095238
175344.861111 0.977544111111
175447.37037 0.973434814815
175526.533333 0.970990933333
175658.878049 0.97275404878
175751.0 0.973860487805
175861.225806 0.976184774194
175947.307692 0.977063692308
176049.774194 0.977435483871
176150.565217 0.976474956522
176245.722222 0.972667666667
176361.138889 0.974673333333
176451.419355 0.977303741935
176540.454545 0.977113090909
176668.0 0.9790895
176746.238095 0.984464761905
176867.833333 0.98059
176951.76 0.97522624
177064.190476 0.973527047619
177172.0 0.971547851852
177249.75 0.9728171
177346.548387 0.973788
177452.071429 0.972198857143
177550.0 0.975193142857
177650.346154 0.975049538462
177765.375 0.9753145
177853.6875 0.975293
177966.608696 0.975697043478
178040.357143 0.976193142857
178170.272727 0.974513818182
178318.0 0.973924
178350.75 0.9745715
178446.451613 0.97376516129
178548.423077 0.974656461538
178672.125 0.97512625
178754.483871 0.975357032258
178873.363636 0.975030363636
178962.1 0.9749492
179055.904762 0.974009333333
179163.961538 0.974338307692
179256.461538 0.972704769231
179358.076923 0.971762615385
179451.125 0.97208425
179567.695652 0.974018608696
179636.777778 0.976491555556
179748.75 0.97473875
179851.325581 0.973879627907
179931.368421 0.969821052632
180059.290323 0.970354193548
180152.0 0.970818909091
180254.5 0.974203692308
180361.16129 0.980599096774
180446.428571 0.977567238095
180556.75 0.9784495
180643.193548 0.978049032258
180743.083333 0.977181444444
180863.625 0.975845
180964.363636 0.977333454545
181052.458333 0.977864
181150.214286 0.975936
181249.807692 0.976261384615
181357.043478 0.97658573913
181438.875 0.976958833333
181539.47619 0.976859809524
181672.818182 0.978749818182
181765.384615 0.977185230769
181845.731707 0.97588702439
181949.428571 0.976442857143
