50046.52 0.99389616
50144.4782609 0.993540173913
50266.2777778 0.989961777778
50346.3478261 0.987022086957
50448.1 0.9886472
50563.8947368 0.988986526316
50656.6538462 0.989025692308
50761.6190476 0.98590152381
50858.3461538 0.986501076923
50951.7333333 0.986854933333
51039.0967742 0.988483225806
51145.55 0.989774
51247.1818182 0.994141454545
51359.9428571 0.993876571429
51455.4285714 0.991058857143
51552.9285714 0.992050285714
51653.16 0.99197552
51754.5714286 0.994351571429
51860.0454545 0.995476909091
51959.3684211 0.992679368421
52049.375 0.9915005
52148.1515152 0.992421818182
52251.5882353 0.992045882353
52345.0 0.992043333333
52462.4444444 0.993204
52546.9090909 0.993975636364
52657.0 0.994504
52741.0 0.99501825
52838.2307692 0.994136
52952.6 0.994241866667
53054.6190476 0.992731047619
53154.3043478 0.993942434783
53249.9 0.993445
53362.0322581 0.992986709677
53454.7666667 0.991956266667
53561.5714286 0.992449714286
53635.8 0.9915608
53739.1111111 0.991735111111
53861.5 0.9895768
53948.8235294 0.986680470588
54053.0 0.986144909091
54155.95 0.986956
54251.2258065 0.990671096774
54349.5 0.992642
54441.7407407 0.99422637037
54569.6666667 0.994190666667
54684.0 0.9956588
54756.0 0.995787
54857.8235294 0.994603764706
54958.65 0.9949894
55050.2941176 0.994943058824
55178.6666667 0.994136
55309.0 0.994024
55361.0 0.9934812
55441.1666667 0.992761333333
55559.85 0.9934458
55663.85 0.9951876
55750.0 0.9969232
55860.2105263 0.996658315789
55951.12 0.99600544
56050.3703704 0.995981481481
56156.7368421 0.995714736842
56253.7407407 0.995840592593
56353.4444444 0.996324
56447.9166667 0.996482
56545.6190476 0.996960571429
56644.7647059 0.997036
56763.1111111 0.996691111111
56848.4166667 0.994315916667
56946.6333333 0.994192933333
57055.36 0.99515616
57143.1212121 0.994267636364
57247.2592593 0.995183851852
57358.6666667 0.994605111111
57442.7 0.993891066667
57550.36 0.99333008
57669.8333333 0.993560666667
57754.7727273 0.993840545455
57843.7619048 0.992423047619
57960.4583333 0.992523666667
58066.1904762 0.993031047619
58149.0740741 0.993088444444
58251.5862069 0.993929103448
58365.2727273 0.995813454545
58450.4 0.995974933333
58551.1176471 0.996323529412
58652.2857143 0.996424342857
58752.9534884 0.996554046512
58850.4545455 0.995045212121
58948.3809524 0.994327428571
59053.8 0.9948462
59142.6666667 0.994909166667
59260.8125 0.99544725
59362.9375 0.99589325
59440.7647059 0.996586117647
59545.7714286 0.995871428571
59656.3076923 0.995804717949
59754.6153846 0.995568
59848.2272727 0.996004
59947.0740741 0.996089333333
60050.1538462 0.996231076923
60155.2105263 0.995252210526
60259.7083333 0.9935935
60342.1428571 0.993890285714
60453.7222222 0.993688222222
60557.3333333 0.993873333333
60653.4736842 0.995897894737
60751.95 0.995803
60842.875 0.99538025
60956.4117647 0.995593882353
61051.037037 0.995517777778
61157.5357143 0.995921571429
61254.6153846 0.996536153846
61343.6923077 0.996472153846
61448.5263158 0.996535789474
61546.0769231 0.996852923077
61634.0 0.9969004
61754.4583333 0.997473166667
61847.1176471 0.997819764706
61954.95 0.9979192
62059.6774194 0.998029290323
62152.0882353 0.997341764706
62239.7647059 0.996668
62347.2631579 0.996454315789
62462.1 0.9970162
62549.6818182 0.996894363636
62645.5416667 0.996488666667
62764.1111111 0.996369111111
62854.5185185 0.995951555556
62964.4210526 0.996485473684
63055.2 0.9966038
63163.2 0.9966272
63261.173913 0.995732
63348.8125 0.99590225
63451.6363636 0.996058787879
63549.047619 0.996700380952
63654.0333333 0.994251333333
63754.64 0.99499616
63840.0 0.9954304
63948.2142857 0.994828
64057.6818182 0.995324727273
64155.2666667 0.9952872
64255.5294118 0.994088470588
64366.7894737 0.993907578947
64442.32 0.99609744
64550.1555556 0.9970856
64646.0 0.996411466667
64753.025641 0.995278871795
64845.0833333 0.9948885
64945.3461538 0.995378307692
65056.8461538 0.994973846154
65153.3333333 0.99562637037
65246.8947368 0.995426947368
65352.375 0.99462775
65449.0714286 0.995560857143
65554.9090909 0.995161818182
65661.1 0.9932554
65759.4761905 0.993466666667
65849.2692308 0.993848769231
65950.6521739 0.994873565217
66059.4333333 0.9942332
66160.0384615 0.994442
66247.3846154 0.995261538462
66344.5 0.994942666667
66448.8888889 0.995688555556
66553.8333333 0.995691333333
66643.9333333 0.9941252
66742.5 0.9943072
66856.7272727 0.995495272727
66951.4482759 0.995291310345
67054.4347826 0.995246086957
67143.0909091 0.994885636364
67245.826087 0.995244695652
67351.8888889 0.994617777778
67458.0769231 0.993889538462
67567.5384615 0.994262153846
67648.1052632 0.995502105263
67748.0 0.994613333333
67851.6521739 0.994577391304
67972.625 0.99433075
68054.8333333 0.993955666667
68142.4285714 0.993591714286
68260.5 0.994192
68347.2631579 0.994649052632
68452.95 0.994808
68557.1 0.9944024
68651.8823529 0.993753647059
68762.4090909 0.993689454545
68861.5714286 0.994056857143
68947.3333333 0.992932444444
69056.3571429 0.993372571429
69154.3 0.9941102
69257.5 0.994125636364
69354.8235294 0.992839058824
69443.8571429 0.992706285714
69538.6666667 0.992306
69656.1666667 0.991851333333
69770.0833333 0.99231
69864.7692308 0.992326769231
69949.9230769 0.992226153846
70044.2352941 0.992759764706
70159.0 0.993643111111
70238.8666667 0.9937784
70347.2222222 0.993432888889
70431.5555556 0.993521777778
70562.2307692 0.991430769231
70652.6666667 0.989436
70767.125 0.990209
70862.3684211 0.988432
70959.4736842 0.988954105263
71043.8333333 0.991023111111
71174.25 0.991418
71251.3793103 0.989841931034
71337.5294118 0.988136705882
71439.625 0.986011
71569.5833333 0.985669333333
71653.4 0.986556
71749.4285714 0.988488
71860.0 0.987648888889
71961.0769231 0.988038461538
72067.3571429 0.990090285714
72166.5 0.9917248
72245.7857143 0.991676
72358.7272727 0.992913454545
72452.047619 0.992188571429
72529.1333333 0.9904856
72659.4736842 0.990705052632
72755.3888889 0.989042888889
72847.7619048 0.988512952381
72948.4285714 0.987510571429
73095.8 0.9878168
73156.8571429 0.989389428571
73243.826087 0.990045043478
73362.0 0.989413230769
73456.5263158 0.991356631579
73559.9285714 0.990093428571
73658.2857143 0.991707085714
73733.9285714 0.992503714286
73860.2 0.991314133333
73960.8125 0.99129825
74047.9166667 0.994198666667
74157.1875 0.991480875
74253.3333333 0.9958905
74342.3225806 0.996004258065
74452.3666667 0.9949104
74546.6666667 0.9921705
74653.9375 0.989622
74754.7241379 0.986803034483
74842.28 0.98762
74945.96 0.99058192
75067.4615385 0.990477846154
75169.1428571 0.991244571429
75253.4642857 0.991267285714
75354.8333333 0.991213333333
75467.4444444 0.990701777778
75563.6666667 0.990641
75675.8333333 0.990809333333
75746.3043478 0.990303130435
75856.2 0.989521066667
75953.8571429 0.989792857143
76053.6428571 0.990977428571
76149.5 0.990944666667
76259.7368421 0.992187789474
76360.7142857 0.993755428571
76455.7 0.9912256
76560.2857143 0.989907428571
76668.25 0.988541
76747.5555556 0.989422222222
76845.0 0.990367529412
76953.9411765 0.990135058824
77042.8181818 0.990005090909
77156.6470588 0.992144705882
77252.35 0.9917078
77354.5 0.991379333333
77463.8333333 0.99059
77556.7142857 0.990286857143
77657.4 0.9895312
77759.0 0.991704
77856.2307692 0.992706153846
77958.75 0.992906
78055.9047619 0.991933142857
78175.0 0.9931105
78258.1 0.9905784
78351.0 0.9912335
78450.4 0.9893872
78556.7142857 0.988391428571
78662.375 0.9879715
78757.4545455 0.987597090909
78879.0 0.984870545455
78966.7894737 0.987972421053
79044.3333333 0.989634222222
79151.9166667 0.989679666667
79257.875 0.988797
79351.24 0.98512752
79454.8181818 0.991358545455
79555.2666667 0.993545066667
79663.2 0.993228
79779.5 0.993408
79846.0 0.991279238095
79970.7692308 0.990508
80056.0434783 0.991971304348
80139.7142857 0.99537352381
80248.7692308 0.996641384615
80352.6896552 0.993934482759
80436.5 0.993953714286
80558.5263158 0.994865263158
80657.8387097 0.996705935484
80748.3103448 0.994185931034
80832.7333333 0.991210133333
80953.6428571 0.991034571429
81053.2608696 0.991579304348
81163.3225806 0.992953419355
81247.3809524 0.992456190476
81353.5625 0.99238025
81458.3125 0.9911605
81546.6 0.99015344
81649.3125 0.9923155
81756.0714286 0.996720857143
81864.1578947 0.995003789474
81937.1428571 0.991412571429
82059.1176471 0.989588941176
82157.1904762 0.988842095238
82253.1578947 0.989455157895
82337.3076923 0.990477538462
82467.5555556 0.989235555556
82561.0 0.992961142857
82653.8 0.989662933333
82744.9 0.9891998
82846.5416667 0.990051833333
82967.6428571 0.988660571429
83049.59375 0.987112125
83154.6666667 0.986896444444
83254.5185185 0.989399555556
83359.6666667 0.991672444444
83451.0 0.995274352941
83557.9677419 0.996571870968
83652.6153846 0.996774051282
83752.9722222 0.996581444444
83849.5 0.996488235294
83952.625 0.9961775
84046.4897959 0.996265714286
84156.7837838 0.995926162162
84256.137931 0.995817931034
84344.5106383 0.995729106383
84455.8285714 0.995752
84549.9245283 0.995777283019
84652.1818182 0.995722909091
84751.2962963 0.995729851852
84848.5652174 0.995548
84953.1509434 0.995851471698
85055.3846154 0.995882461538
85145.2711864 0.996133423729
85245.5740741 0.99588
85349.0576923 0.995889769231
85448.4821429 0.996244
85546.5245902 0.996749901639
85654.0625 0.996777833333
85749.2156863 0.996670117647
85847.0483871 0.996439806452
85952.34375 0.997070375
86053.8028169 0.997369971831
86147.3888889 0.997217222222
86250.5675676 0.99711427027
86349.0294118 0.995730352941
86454.2461538 0.987985723077
86554.3773585 0.988532830189
86654.38 0.99177384
86747.2222222 0.991240977778
86855.75 0.9900963
86948.7407407 0.990070518519
87046.3157895 0.991574736842
87147.7142857 0.98968152381
87236.2142857 0.989847428571
87347.2068966 0.993134482759
87457.625 0.9961705
87553.5135135 0.996234054054
87654.3529412 0.993226588235
87753.3076923 0.991795076923
87848.047619 0.990344952381
87951.4285714 0.992253142857
88057.0909091 0.992566545455
88149.59375 0.991131125
88259.0666667 0.990270666667
88348.8888889 0.990789
88446.825 0.9946012
88547.5862069 0.99475462069
88653.2142857 0.995341142857
88770.5 0.995348
88862.9615385 0.995318615385
88936.0 0.995629333333
89057.3333333 0.995036444444
89159.0 0.9951584
89249.2380952 0.995282857143
89366.4444444 0.995972
89453.6590909 0.997334363636
89547.4571429 0.996342628571
89649.3478261 0.995199217391
89746.18 0.99256184
89855.1481481 0.988544592593
89932.6666667 0.986609866667
90053.7058824 0.987606352941
90154.0434783 0.989350782609
90251.7083333 0.987819
90344.3529412 0.988104705882
90453.2 0.981457828571
90544.0333333 0.984041866667
90662.5384615 0.988583076923
90758.875 0.992724125
90840.0952381 0.991115619048
90947.4242424 0.98925830303
91047.8571429 0.989247809524
91147.3703704 0.987529481481
91259.375 0.988784833333
91366.7222222 0.990900444444
91449.0 0.988421555556
91550.8709677 0.988798967742
91648.4 0.9880784
91751.0 0.98727984
91851.25 0.987712666667
91959.3 0.987113733333
92039.4615385 0.985956
92150.4761905 0.986221904762
92261.8235294 0.983685411765
92353.6538462 0.986923846154
92451.2 0.988874285714
92569.7037037 0.986042074074
92636.5 0.990651466667
92753.5142857 0.990868685714
92862.88 0.99407344
92945.3846154 0.988139230769
93053.5862069 0.988116551724
93148.0 0.988617
93244.7333333 0.988671733333
93347.4054054 0.989252864865
93459.4444444 0.990885111111
93554.84375 0.989323125
93649.5714286 0.990475142857
93749.0357143 0.986831714286
93843.78 0.98178296
93951.1764706 0.988608117647
94047.2162162 0.992018594595
94146.6666667 0.994794666667
94246.2439024 0.993164780488
94352.8378378 0.993179027027
94453.2708333 0.989558166667
94551.0 0.985273866667
94645.047619 0.985945904762
94747.5853659 0.989591902439
94855.1219512 0.993348390244
94950.2307692 0.993865538462
95060.2142857 0.993590142857
95156.2 0.988263066667
95241.8484848 0.982910787879
95343.3846154 0.985250769231
95449.0 0.98996144
95544.6666667 0.9904256
95643.4864865 0.987211783784
95747.5454545 0.989791515152
95847.75 0.991363727273
95951.3265306 0.991578857143
96051.4772727 0.993263181818
96151.6190476 0.993974
96248.8103448 0.992407793103
96348.5666667 0.991484266667
96447.212766 0.989506382979
96552.0806452 0.989666322581
96649.4042553 0.991075914894
96739.8536585 0.982800487805
96851.7916667 0.983023166667
96952.6388889 0.983712555556
97046.2173913 0.985271130435
97149.9090909 0.990763393939
97246.5 0.98856
97358.9230769 0.990586153846
97445.4594595 0.989890054054
97550.0277778 0.987752555556
97657.6071429 0.987624571429
97760.9230769 0.986622615385
97846.4137931 0.988987448276
97946.9615385 0.989596307692
98069.4444444 0.986837777778
98148.6129032 0.985086967742
98255.7083333 0.989017666667
98342.8125 0.99218425
98449.25 0.9935675
98558.3333333 0.990188
98651.969697 0.988761333333
98746.6538462 0.990785230769
98850.68 0.9904136
98951.25 0.9917192
99049.6315789 0.989595789474
99143.0 0.989314588235
99265.5333333 0.988666133333
99363.1111111 0.988074444444
99450.2857143 0.988152761905
99528.5294118 0.986585882353
99639.0 0.987032923077
99745.0526316 0.988857473684
99853.5384615 0.990488923077
99945.9473684 0.987700631579
100052.380952 0.987018285714
100155.217391 0.985348869565
100255.681818 0.988772727273
100350.266667 0.987620133333
100455.962963 0.986516
100547.730769 0.985065384615
100655.84375 0.9911525
100762.774194 0.987651225806
100864.08 0.98634288
100952.352941 0.987112235294
101059.416667 0.985485
101150.037037 0.989817777778
101261.52381 0.988878857143
101354.391304 0.987244
101439.0 0.98631
101552.458333 0.983051833333
101655.488372 0.982492651163
101746.652174 0.975270956522
101846.744681 0.978449106383
101943.555556 0.983377777778
102051.666667 0.988342166667
102149.129032 0.990722064516
102258.184211 0.984168105263
102348.5 0.980041333333
102449.170732 0.98484702439
102559.55 0.9860504
102660.818182 0.984968545455
102752.0 0.985986333333
102845.0 0.989859578947
102956.76 0.99279008
103057.5 0.993736266667
103153.473684 0.995490947368
103257.121212 0.993736848485
103353.0 0.990742363636
103455.088235 0.991444823529
103557.1875 0.987897875
103647.6 0.9887412
103749.575 0.9835679
103852.227273 0.983172909091
103948.241379 0.983350758621
104044.407407 0.984184740741
104143.15 0.9843373
104247.552632 0.982238842105
104355.0 0.985191
104451.047619 0.986508571429
104545.914286 0.986119542857
104653.857143 0.987691771429
104748.694444 0.994401888889
104852.958333 0.995606833333
104972.242424 0.995713575758
105047.339286 0.995979071429
105147.414634 0.996870341463
105245.461538 0.995628553846
105350.085106 0.985839148936
105457.962963 0.976994222222
105546.824561 0.978645052632
105644.259259 0.976478962963
105751.393939 0.977712363636
105863.296296 0.976271111111
105949.185185 0.973765777778
106053.148148 0.974757185185
106148.55814 0.976448744186
106255.068966 0.97886
106347.634146 0.970112195122
106445.176471 0.987614823529
106549.479167 0.9594485
106657.264706 0.952231764706
106749.090909 0.966828272727
106837.913043 0.966424
106948.684211 0.946711157895
107041.870968 0.919585935484
107159.757576 0.905632242424
107257.142857 0.903362666667
107351.351351 0.898451027027
107447.826087 0.918017391304
107544.068966 0.916739310345
107645.264706 0.908542470588
107756.911765 0.90552
107852.416667 0.964010222222
107964.32 0.98290688
108048.076923 0.992379692308
108155.863636 0.996205636364
108264.235294 0.995374235294
108353.347826 0.995481217391
108448.27027 0.995421189189
108548.478261 0.995633449275
108640.366667 0.992724666667
108753.930233 0.988362604651
108838.384615 0.983966666667
108948.714286 0.984299619048
109059.357143 0.985478857143
109153.95 0.9842154
109245.088235 0.980655764706
109356.888889 0.987098222222
109442.4 0.982388
109550.09375 0.981475
109649.095238 0.983086285714
109766.166667 0.982414
109870.928571 0.983160571429
109963.5 0.985576727273
110049.782609 0.989983304348
110134.142857 0.990412857143
110252.914286 0.991135771429
110353.655172 0.99052137931
110460.923077 0.989655076923
110545.8 0.9909034
110648.428571 0.990724571429
110756.526316 0.992110526316
110857.675 0.9938743
110953.433333 0.994598533333
111049.921053 0.994920947368
111156.886364 0.993797909091
111256.264706 0.995454588235
111346.076923 0.988638923077
111457.259259 0.985989481481
111553.285714 0.988233714286
111649.060606 0.990821818182
111742.107143 0.986579142857
111855.192308 0.983347230769
111955.3 0.9849616
112043.73913 0.98731373913
112143.28 0.98901504
112247.166667 0.987847555556
112356.230769 0.986560923077
112453.0 0.987943
112584.166667 0.987387333333
112653.166667 0.989572333333
112757.466667 0.989705066667
112863.538462 0.989436307692
112966.4 0.9936506
113057.25 0.99280275
113160.545455 0.99219030303
113240.625 0.9907425
113346.375 0.994858125
113448.863636 0.993733090909
113551.675676 0.990272216216
113659.259259 0.991336592593
113738.5 0.990491636364
113858.625 0.99238025
113952.157895 0.990106210526
114062.074074 0.98813762963
114154.852941 0.980234352941
114253.78125 0.97751275
114358.457143 0.979580342857
114444.857143 0.979840342857
114544.914286 0.986253142857
114646.95 0.9889748
114759.12 0.98969952
114851.137931 0.988026482759
114950.340426 0.982801957447
115045.641026 0.973820820513
115144.909091 0.969415636364
115256.0 0.977059333333
115347.111111 0.970485222222
115454.463415 0.954764292683
115544.272727 0.942467454545
115645.818182 0.935151818182
115765.956522 0.936697391304
115851.378378 0.946967783784
115949.59375 0.94340875
116044.684211 0.952852631579
116153.673913 0.978501391304
116251.264706 0.960566588235
116348.9 0.9578008
116452.181818 0.954331757576
116542.942857 0.956317485714
116652.043478 0.951256695652
116754.935484 0.947353032258
116847.310345 0.943767034483
116952.414634 0.947836
117050.828571 0.9567296
117152.571429 0.972706057143
117258.088235 0.980184470588
117354.526316 0.981395684211
117445.76 0.98353536
117552.565217 0.982377217391
117639.04 0.98446928
117754.566667 0.985602533333
117857.285714 0.984445
117952.55814 0.982665767442
118043.170732 0.980432585366
118151.76 0.9837448
118251.59375 0.98568475
118354.366667 0.9871166
118447.9375 0.987541
118550.5 0.988356533333
118646.866667 0.987563066667
118756.511111 0.988697955556
118854.666667 0.988903555556
118953.074074 0.985257333333
119038.175 0.9881625
119137.5 0.989242705882
119247.210526 0.988227157895
119347.275862 0.9884
119451.589744 0.988268
119548.034483 0.992599586207
119646.1 0.989707066667
119756.026316 0.992943684211
119854.25 0.995024818182
119951.384615 0.992112692308
120048.736842 0.991199789474
120149.888889 0.991168177778
120247.697674 0.993499627907
120341.809524 0.993562761905
120452.391304 0.993268173913
120549.377778 0.991923822222
120647.894737 0.989310315789
120754.825 0.9869593
120857.945946 0.986896432432
120951.891892 0.990558594595
121050.837838 0.992071567568
121147.822222 0.991474488889
121251.375 0.9917273
121348.0 0.991706842105
121459.225806 0.992205677419
121550.941176 0.990905882353
121654.292683 0.990938536585
121741.659091 0.992829909091
121857.054054 0.992439459459
121952.787879 0.98842
122053.190476 0.989255047619
122148.651163 0.995691255814
122240.243243 0.990255567568
122348.064516 0.986703741935
122443.32 0.9829728
122542.2 0.983009371429
122653.733333 0.984616133333
122755.428571 0.987036571429
122846.542857 0.982769485714
122945.78125 0.983291125
123042.222222 0.983237422222
123150.47619 0.98375752381
123259.606061 0.981189333333
123361.428571 0.985092428571
123453.710526 0.986985052632
123554.955556 0.989471644444
123649.166667 0.987020666667
123754.62963 0.985362814815
123858.380952 0.991216380952
123949.95 0.9903702
124048.76087 0.98883626087
124135.866667 0.9863504
124251.0 0.984655789474
124340.925926 0.983315407407
124457.714286 0.983430428571
124551.434783 0.985755826087
124648.777778 0.986883259259
124746.212121 0.98922569697
124844.551724 0.994618482759
124954.966667 0.994751733333
125047.363636 0.994864545455
125155.175 0.9930879
125253.228571 0.990157257143
125352.142857 0.987731657143
125452.307692 0.990463794872
125548.536585 0.992131609756
125649.595238 0.986765238095
125752.40625 0.987853125
125863.185185 0.987195407407
125958.755102 0.986976489796
126053.985294 0.986969529412
126151.265823 0.99698156962
126250.264368 0.997403126437
126339.893617 0.991794382979
126461.425 0.9870121
126555.851852 0.977953555556
126662.257576 0.977943757576
126736.903226 0.964566064516
126858.558824 0.964053058824
126952.259259 0.972615851852
127058.294118 0.985953411765
127156.3 0.9806604
127255.285714 0.971514714286
127356.925926 0.971149777778
127446.357143 0.974167428571
127547.9 0.975442133333
127653.363636 0.975754181818
127756.043478 0.981374086957
127854.025 0.9891051
127956.566667 0.9892482
128052.4125 0.9897394
128151.226667 0.989155413333
128245.125 0.992288888889
128338.395833 0.97685375
128447.021739 0.977345478261
128547.5 0.980008315789
128644.302326 0.981076744186
128751.411765 0.983230588235
128853.135135 0.984423783784
128955.444444 0.983541925926
129054.272727 0.983352909091
129149.555556 0.985321333333
129256.304348 0.985159652174
129348.208333 0.986390833333
129444.1 0.9839004
129558.842105 0.986104631579
129646.029412 0.989234352941
129761.0 0.9892144
129855.945946 0.988635351351
129943.36 0.9870064
130066.378378 0.983122594595
130140.266667 0.986731866667
130259.354839 0.986028903226
130355.866667 0.984101333333
130449.037037 0.980220296296
130549.36 0.9832232
130646.058824 0.986354352941
130751.875 0.98553975
130857.84375 0.985950875
130959.789474 0.988536842105
131050.290323 0.985512387097
131154.409091 0.982960909091
131248.655172 0.980969241379
131355.935484 0.978194709677
131453.060606 0.986392121212
131537.086957 0.988404173913
131648.259259 0.988696740741
131748.6875 0.987774625
131855.35 0.9851608
131948.576923 0.986735230769
132045.064516 0.990443354839
132156.733333 0.993661244444
132247.166667 0.993965733333
132354.176471 0.991093176471
132459.846154 0.984657692308
132555.333333 0.985820933333
132657.0 0.98776225
132764.208333 0.987732333333
132849.628571 0.983909942857
132951.625 0.98497225
133056.923077 0.983488153846
133148.489796 0.984059836735
133241.645161 0.985979096774
133352.964286 0.987464142857
133450.382353 0.987243529412
133554.4375 0.9873045
133642.566667 0.989078933333
133747.35 0.9784028
133852.740741 0.991794074074
133942.217391 0.990698434783
134056.8 0.9907288
134152.181818 0.994489939394
134247.580645 0.994507741935
134361.935484 0.989716
134452.035714 0.988677571429
134548.368421 0.988287789474
134659.769231 0.988807076923
134761.590909 0.989367272727
134860.941176 0.988712
134968.518519 0.983366666667
135040.809524 0.981489714286
135156.043478 0.985262782609
135240.956522 0.986683652174
135338.222222 0.985680444444
135455.375 0.983338666667
135546.857143 0.983852857143
135659.05 0.985026
135756.041667 0.987506
135843.928571 0.990629
135953.305556 0.994407222222
136051.083333 0.991867555556
136156.285714 0.986977714286
136253.21875 0.985200125
136351.538462 0.984259846154
136446.777778 0.983697925926
136553.291667 0.986369
136641.954545 0.987721272727
136741.466667 0.984597466667
136847.428571 0.986117333333
136956.035714 0.986830428571
137056.647059 0.985926666667
137146.947368 0.986280982456
137249.292683 0.988374536585
137343.020833 0.988879666667
137451.829787 0.994661957447
137546.413793 0.995856827586
137655.464286 0.995227071429
137749.15 0.99585
137849.634146 0.993671609756
137952.128205 0.987359589744
138052.571429 0.981138285714
138155.0 0.985186285714
138248.285714 0.987875285714
138354.512821 0.986203487179
138440.119048 0.987924285714
138552.736842 0.986814631579
138644.567568 0.988372540541
138751.40625 0.9884995
138848.777778 0.985456111111
138947.25 0.985359692308
139052.525 0.9853121
139157.829787 0.985235659574
139249.0 0.984129297297
139351.0 0.980077714286
139444.483871 0.973493032258
139555.382353 0.967000823529
139655.666667 0.967385142857
139757.0625 0.968238
139854.916667 0.986052444444
139956.555556 0.986014666667
140059.25 0.9898332
140166.772727 0.989247636364
140247.227273 0.985506
140352.571429 0.985775047619
140447.375 0.984968666667
140544.4 0.984623
140649.233333 0.9918424
140744.390244 0.993348
140845.28 0.98995376
140948.807692 0.993509692308
141040.411765 0.994337764706
141144.117647 0.988542352941
141248.515152 0.978374424242
141363.535714 0.973225142857
141465.714286 0.976950666667
141555.3125 0.982258
141654.0 0.983210666667
141742.352941 0.983590235294
141854.3125 0.98015975
141950.264706 0.979576117647
142059.037037 0.986948592593
142156.85 0.9890979
142251.730769 0.990229615385
142355.0 0.989140461538
142451.104167 0.9896945
142555.469388 0.989324653061
142650.603448 0.988520896552
142750.819444 0.989020333333
142846.54386 0.981144350877
142958.0 0.971488444444
143060.055556 0.975138
143145.913043 0.97877426087
143250.791667 0.979734333333
143362.05 0.9788638
143468.294118 0.977829882353
143550.714286 0.980076285714
143653.375 0.979997833333
143750.619048 0.978860761905
143851.0 0.979583619048
143955.62963 0.980495111111
144053.125 0.981586
144149.631579 0.981327789474
144265.125 0.9776235
144350.764706 0.976961411765
144443.85 0.9839822
144544.263158 0.979594315789
144651.5 0.981020727273
144758.888889 0.977993777778
144852.043478 0.979510086957
144952.478261 0.979371130435
145048.041667 0.986776333333
145140.772727 0.985544909091
145253.285714 0.984728
145340.333333 0.980641111111
145459.0 0.9808745
145549.083333 0.980172333333
145641.8 0.983254933333
145756.230769 0.983836615385
145868.333333 0.984949
145955.909091 0.991193818182
146064.181818 0.990006181818
146147.962963 0.983756
146247.333333 0.978123259259
146360.545455 0.976191454545
146452.966667 0.978617866667
146547.7 0.980436533333
146637.16 0.9804232
146744.85 0.98427
146853.826087 0.983401391304
146944.166667 0.983748333333
147045.433333 0.980457066667
147153.193548 0.981275741935
147259.826087 0.984063478261
147358.0 0.9827684
147462.285714 0.983198285714
147588.25 0.985064
147671.333333 0.984321333333
147752.25 0.990983
147858.882353 0.99242
147974.0 0.99216
148056.692308 0.992044
148167.066667 0.992922666667
148254.692308 0.992895384615
148370.571429 0.992576571429
148457.730769 0.992938769231
148554.866667 0.992098133333
148657.176471 0.991332941176
148754.5 0.991566285714
148852.933333 0.9925492
148947.958333 0.995385666667
149040.708333 0.997169
149156.730769 0.995971384615
149243.545455 0.989575909091
149354.962963 0.988623703704
149457.0 0.98467225
149542.3125 0.98215925
149656.48 0.98161072
149754.789474 0.978213894737
149851.692308 0.977536923077
149957.117647 0.980239058824
150057.652174 0.97901026087
150144.9375 0.9790535
150252.55 0.9807048
150364.615385 0.979719692308
150456.333333 0.983256888889
150558.25 0.986
150644.0 0.9867624
150753.866667 0.986113066667
150854.304348 0.984570086957
150975.818182 0.986467272727
151046.5 0.988608666667
151158.944444 0.988209333333
151258.133333 0.987749333333
151355.0 0.993666057143
151467.875 0.989554
151552.444444 0.986802222222
151656.714286 0.986719714286
151759.941176 0.985144941176
151857.130435 0.986304869565
151955.2 0.986429
152059.0 0.984541333333
152150.714286 0.983494857143
152271.166667 0.982484
152364.263158 0.984687789474
152441.863636 0.987805090909
152551.555556 0.986884444444
152656.333333 0.986648266667
152754.5 0.986580444444
152853.444444 0.98823
152957.7 0.9888538
153069.571429 0.989845142857
153161.833333 0.988166666667
153263.636364 0.985502545455
153355.416667 0.979734
153451.125 0.9783785
153540.705882 0.977937176471
153652.8125 0.98223825
153748.692308 0.982403384615
153852.363636 0.979840181818
153965.428571 0.981914285714
154064.176471 0.982305176471
154142.947368 0.979193684211
154242.461538 0.981981538462
154375.666667 0.982203
154464.125 0.982716
154542.25 0.9821595
154656.0 0.980226285714
154759.9375 0.9808585
154854.047619 0.98494647619
154949.611111 0.983688222222
155057.52381 0.981726095238
155160.590909 0.983253818182
155246.615385 0.982917846154
155358.8125 0.9856825
155447.714286 0.988121714286
155559.621622 0.982209837838
155640.684211 0.980917052632
155750.894737 0.982304842105
155859.411765 0.982075529412
155946.6 0.9853464
156062.733333 0.984115466667
156167.909091 0.981897818182
156247.764706 0.984076705882
156358.3 0.982876
156462.5 0.9820884
156541.058824 0.983715764706
156653.2 0.9844964
156755.25 0.98207775
156863.8 0.981562933333
156961.733333 0.979364266667
157038.642857 0.980420285714
157157.842105 0.980366315789
157280.769231 0.983624307692
157366.625 0.98535675
157457.133333 0.988710133333
157561.842105 0.991749052632
157647.043478 0.986200173913
157748.611111 0.985397111111
157839.210526 0.981927578947
157941.0 0.980883
158062.25 0.9803235
158139.428571 0.981233142857
158260.578947 0.982547789474
158355.0 0.984231333333
158464.764706 0.984709411765
158560.454545 0.988737454545
158655.363636 0.987679636364
158762.5 0.986567333333
158869.0 0.987486
158948.125 0.986241333333
159039.3 0.9883384
159134.5 0.9886975
159255.0 0.9886664
159342.0 0.9887036
159455.75 0.9886256
159560.428571 0.989424
159643.363636 0.989803272727
159754.642857 0.987254
159875.142857 0.986875428571
159963.818182 0.983176
160068.428571 0.983377142857
160151.772727 0.984060181818
160250.090909 0.983498545455
160359.846154 0.98632
160455.0 0.989290857143
160568.933333 0.9890712
160662.7 0.9891116
160745.857143 0.989382285714
160858.444444 0.987785777778
160962.333333 0.987744
161074.5 0.987686
161203.0 0.987256
161259.214286 0.987932
161348.714286 0.989858857143
161465.0 0.989436571429
161555.8 0.9890048
161664.0 0.9867648
161761.533333 0.982063466667
161847.35 0.9778466
161950.590909 0.981646727273
162063.25 0.986866666667
162173.714286 0.986595428571
162250.625 0.98555075
162354.473684 0.985767368421
162453.238095 0.984856571429
162556.178571 0.983464857143
162655.333333 0.984695333333
162758.681818 0.985635636364
162841.125 0.98615
162965.4 0.986445866667
163056.227273 0.986349454545
163167.333333 0.987078
163251.214286 0.987132571429
163357.1875 0.986441
163456.882353 0.986485411765
163536.419355 0.987056516129
163663.5 0.9879135
163764.6 0.9941374
163868.909091 0.993988
163953.045455 0.993991818182
164054.565217 0.993961913043
164146.578947 0.993160421053
164255.190476 0.993009333333
164358.96 0.99304672
164462.764706 0.992925176471
164561.2 0.9928148
164650.961538 0.992927384615
164754.034483 0.992613241379
164853.95 0.9928348
164950.90625 0.991285875
165048.59375 0.990344125
165147.0 0.993244540541
165246.111111 0.991531222222
165350.290323 0.98123716129
165448.44 0.97559328
165553.916667 0.974175166667
165647.347826 0.97125773913
165763.0 0.970244444444
165862.142857 0.971360571429
165954.055556 0.972670666667
166063.818182 0.972548
166174.0 0.9727344
166264.6 0.972588
166352.428571 0.972501714286
166456.392857 0.972224142857
166558.9 0.9717936
166639.52381 0.973105714286
166744.454545 0.973772363636
166852.727273 0.973592
166965.083333 0.973593
167071.0 0.973328888889
167153.45 0.974085
167247.153846 0.973496
167356.2 0.9741636
167452.772727 0.973031272727
167549.791667 0.976357833333
167662.863636 0.975165272727
167755.0 0.975781052632
167859.454545 0.980066545455
167966.733333 0.9811936
168054.875 0.9819475
168149.647059 0.979959764706
168248.5 0.982286166667
168354.125 0.980671666667
168471.692308 0.978023076923
168554.409091 0.977371090909
168642.73913 0.979207652174
168741.9 0.9794813
168859.318182 0.978856363636
168946.695652 0.981067478261
169058.055556 0.980927777778
169149.428571 0.978586666667
169245.125 0.9754155
169348.142857 0.976075809524
169450.142857 0.977196571429
169549.764706 0.976261176471
169646.052632 0.974624631579
169747.555556 0.974117111111
169853.0 0.974156
169952.925926 0.97484562963
170060.227273 0.978301090909
170161.947368 0.977440210526
170257.142857 0.977141714286
170340.62963 0.977219111111
170452.647059 0.978361411765
170540.625 0.979288666667
170648.032258 0.978420129032
170741.047619 0.977482666667
170865.133333 0.976344
170943.875 0.9785585
171051.769231 0.980016
171157.266667 0.979570133333
171253.655172 0.979748413793
171368.105263 0.980523789474
171466.384615 0.979548
171548.892857 0.978199571429
171650.090909 0.978238363636
171761.142857 0.977989714286
171859.086957 0.978171304348
171936.0 0.977629
172036.777778 0.977198666667
172157.4 0.9765438
172234.736842 0.975769052632
172353.777778 0.976864740741
172450.678571 0.981505
172550.863636 0.980600727273
172664.931034 0.981595586207
172744.28 0.9899032
172847.866667 0.986296533333
172957.842105 0.982699789474
173041.4 0.977836933333
173142.714286 0.979584857143
173255.363636 0.981794181818
173367.636364 0.983721818182
173465.384615 0.984567692308
173568.727273 0.983320363636
173677.666667 0.982325333333
173756.166667 0.982279
173877.714286 0.987468
173958.296296 0.989006518519
174056.952381 0.990491047619
174145.764706 0.990890117647
174252.8125 0.9912735
174341.571429 0.990965714286
174446.75 0.9911825
174562.571429 0.992189714286
174668.666667 0.992317333333
174793.333333 0.992152
174862.25 0.992089
174948.285714 0.991722857143
175075.769231 0.991708307692
175166.545455 0.991511636364
175263.142857 0.991252
175356.333333 0.991252
175447.8 0.991252
175564.375 0.9910835
175700.0 0.990876
175736.846154 0.990560923077
175861.933333 0.990763466667
175985.888889 0.991004
176072.272727 0.990981090909
176141.7 0.9902656
176268.363636 0.989923636364
176339.0 0.990506769231
176452.576923 0.990888307692
176565.294118 0.991144235294
176649.625 0.990894
176744.333333 0.990157333333
176852.62069 0.990139172414
176953.0 0.990216
177055.315789 0.990077052632
177148.666667 0.989952
177251.352941 0.990209411765
177357.0 0.990282181818
177445.533333 0.989842933333
177559.214286 0.989747714286
177651.307692 0.989897538462
177758.470588 0.990262117647
177838.9375 0.99011425
177941.3125 0.990781
178046.72 0.99119632
178149.272727 0.991397454545
178245.925926 0.99046
178353.727273 0.990379090909
178454.277778 0.990936
178545.53125 0.99479525
178664.571429 0.993879619048
178749.272727 0.989213454545
178864.615385 0.987101846154
178955.296296 0.987596444444
179042.611111 0.987661
179175.375 0.9834095
179250.058824 0.981514823529
179336.444444 0.980628666667
179455.846154 0.981312307692
179577.125 0.9782835
179647.5 0.978224
179744.444444 0.982428
179871.785714 0.984733142857
179944.636364 0.984945818182
180041.0 0.985805142857
180147.222222 0.986576444444
180244.117647 0.987273411765
180347.764706 0.993022352941
180463.6 0.992484
180539.2 0.9875772
180662.666667 0.985590222222
180770.111111 0.987603111111
180865.833333 0.984582666667
180995.285714 0.983769142857
181078.875 0.982496
181145.642857 0.985490571429
181243.466667 0.988544533333
181379.7 0.986114
181451.352941 0.982970588235
181557.470588 0.980777411765
181668.5 0.98031
181762.0 0.980624
181864.545455 0.980441818182
181950.125 0.981152
