4754.53966402 0.150132924965
10148.5384615 0.150156446154
10250.4 0.135928932
10356.4545455 0.135517781818
10450.0769231 0.140701471795
10551.5609756 0.136057609756
10654.0512821 0.129902046154
10758.4318182 0.126422368182
10846.875 0.125545783333
10943.1842105 0.124709778947
11054.9117647 0.120304158824
11153.6333333 0.120319146667
11243.0625 0.1158245375
11353.7027027 0.115604648649
11457.0540541 0.113601486486
11544.0 0.119062611111
11663.6341463 0.159779912195
11747.7727273 0.145814027273
11854.3243243 0.138654005405
11944.0 0.157771173684
12045.0434783 0.196419695652
12168.4285714 0.194047790476
12247.6551724 0.191334510345
12342.5897436 0.183372092308
12445.4411765 0.177814805882
12542.6666667 0.17621152
12652.0769231 0.172564861538
12764.826087 0.174466382609
12859.125 0.172998791667
12957.6666667 0.17154862963
13052.962963 0.168632118519
13153.6538462 0.168792738462
13257.0 0.281792363636
13345.75 0.20613956
13449.6415094 0.239381011321
13552.6 0.508988914286
13641.6764706 0.508676529412
13755.0 0.509960190476
13855.21875 0.510604625
13946.6153846 0.507325476923
14043.2923077 0.507197323077
14151.9189189 0.506094540541
14255.375 0.50328121875
14350.31 0.50147
14449.51 0.50417464
14548.7530864 0.517610814815
14650.3972603 0.480849452055
14750.1168831 0.440791922078
14853.7407407 0.413294641975
14949.1038961 0.415085896104
15053.8235294 0.407816509804
15153.4133333 0.361953866667
15250.6969697 0.302307474747
15350.0 0.187815346535
15446.4459459 0.136017513514
15550.8870968 0.122213051613
15647.8076923 0.115927592308
15756.037037 0.112846377778
15854.0857143 0.1163928
15965.0714286 0.118597271429
16050.4615385 0.127196730769
16158.3225806 0.124637193548
16249.6 0.122028893333
16353.05 0.11636935
16449.6 0.117201806667
16542.0 0.119435704
16659.1212121 0.130040442424
16743.2777778 0.126541083333
16852.3333333 0.126704755556
16953.5 0.125596942857
17044.1785714 0.125559464286
17149.2173913 0.124314026087
17250.9714286 0.1225466
17346.0 0.120927066667
17451.3783784 0.123333291892
17555.5217391 0.127117052174
17644.8518519 0.126803155556
17749.7777778 0.124990614815
17843.7931034 0.126167075862
17958.4137931 0.123459489655
18051.3636364 0.121993860606
18148.0731707 0.120239629268
18254.8333333 0.119232393333
18352.0 0.119180046154
18438.2631579 0.120724578947
18548.2941176 0.205449258824
18666.0784314 0.197176854902
18747.7083333 0.149012186111
18845.96 0.13770586
18947.7 0.131360646667
19050.6333333 0.12319092
19144.72 0.122342512
19250.5833333 0.124042858333
19347.1176471 0.119993141176
19446.6944444 0.122609138889
19560.1666667 0.292854833333
19642.0217391 0.220450869565
19756.625 0.1902100125
19857.1428571 0.155432042857
19944.4482759 0.1494844
20054.5294118 0.149269776471
20148.56 0.146639864
20266.25 0.14460543
20352.2857143 0.143343466667
20455.9411765 0.143420870588
20558.5238095 0.141982514286
20665.1666667 0.138719177778
20740.6428571 0.1405863
20844.72 0.144888432
20954.2647059 0.141846911765
21055.0 0.142612043478
21164.625 0.1423029125
21269.9090909 0.142367
21335.1333333 0.141177173333
21456.3333333 0.146118144444
21557.9666667 0.19507266
21641.6 0.168129315
21742.4761905 0.199677219048
21856.4888889 0.304690711111
21942.4347826 0.26045515942
22048.6969697 0.228436969697
22142.4 0.215002171429
22254.9787234 0.191198514894
22350.3404255 0.165924859574
22448.7777778 0.148074344444
22542.4137931 0.1367058
22646.4444444 0.131638205556
22751.1666667 0.1287957
22843.4761905 0.1303136
22955.6333333 0.12891082
23051.32 0.129687168
23155.3888889 0.129350411111
23261.55 0.12913973
23354.4814815 0.1288124
23459.6666667 0.12809756
23550.5 0.126971226667
23647.5294118 0.128962905882
23774.3 0.12745566
23855.5416667 0.126707675
23952.7272727 0.126383139394
24050.2692308 0.133043461538
24154.6296296 0.1272382
24258.7291667 0.196460854167
24341.1904762 0.176118066667
24451.3571429 0.176731590476
24548.5185185 0.182255518519
24637.6428571 0.187339442857
24763.625 0.1810067375
24853.0740741 0.172691681481
24972.5384615 0.172174615385
25063.375 0.1715139125
25152.625 0.170364991667
25265.3043478 0.183500417391
25357.3043478 0.201917286957
25455.902439 0.187022736585
25551.8157895 0.169138294737
25645.6285714 0.141511228571
25752.8181818 0.127008187879
25852.6363636 0.116840990909
25946.5185185 0.116301733333
26046.7333333 0.11727432
26146.8888889 0.117697722222
26262.3103448 0.117387372414
26342.5483871 0.119563129032
26458.0454545 0.1176432
26553.7096774 0.147956387097
26652.7916667 0.1506244
26751.6470588 0.150968729412
26847.6451613 0.157625425806
26940.972973 0.180922513514
27050.5625 0.16623623125
27173.0 0.1599854875
27256.173913 0.16407933913
27356.3461538 0.23634
27443.4583333 0.247917
27549.8888889 0.252239444444
27651.2285714 0.247540685714
27752.6923077 0.221128461538
27851.0 0.199517288372
27938.5 0.1878594
28044.047619 0.159677257143
28150.7647059 0.151530629412
28250.8444444 0.145106631111
28345.8648649 0.106688345946
28456.7333333 0.103032053333
28553.0526316 0.102180063158
28657.1153846 0.0984330461538
28761.9574468 0.269273851064
28840.2222222 0.269694777778
28953.7931034 0.265612827586
29048.0 0.262330363636
29151.6136364 0.254012227273
29248.7209302 0.231072325581
29358.7241379 0.205631931034
29453.3125 0.2084699
29554.1944444 0.207202333333
29649.6 0.20270608
29753.8974359 0.208443548718
29834.516129 0.275168451613
29946.7804878 0.258955219512
30046.5510204 0.215930930612
30146.5666667 0.204972253333
30244.75 0.198444722727
30348.0322581 0.193018883871
30455.8285714 0.191237925714
30547.9032258 0.190087664516
30662.0 0.188580035294
30744.3548387 0.187300587097
30856.6451613 0.187424296774
30954.3409091 0.186729763636
31047.4545455 0.182423345455
31159.9130435 0.1802704
31251.4736842 0.178934789474
31351.8571429 0.180056619048
31453.4482759 0.180081627586
31553.1935484 0.178296574194
31655.59375 0.2115695
31758.1935484 0.224087806452
31848.1818182 0.217974454545
31944.3225806 0.222694
32051.2045455 0.223639545455
32147.0588235 0.229005176471
32245.7692308 0.236015461538
32349.4444444 0.238272055556
32453.5263158 0.228782210526
32549.3541667 0.157384566667
32652.5 0.144072584615
32742.6538462 0.132003238462
32848.625 0.123986575
32955.0 0.115606818182
33047.5357143 0.1179723
33145.1086957 0.103624252174
33243.3548387 0.241167909677
33359.2962963 0.446919185185
33454.6086957 0.403709652174
33544.9032258 0.378332064516
33638.8055556 0.408698277778
33762.5 0.373001307692
33852.8727273 0.315701709091
33951.3111111 0.276636755556
34042.4347826 0.270871304348
34160.0526316 0.262739578947
34246.4594595 0.260672486486
34352.5909091 0.26133
34455.5625 0.2569305
34536.48 0.23646808
34658.5384615 0.225565769231
34746.75 0.2168133
34852.4545455 0.198745390909
34948.2916667 0.186201608333
35033.3333333 0.183189903704
35147.6296296 0.175864318519
35258.4444444 0.167649748148
35344.0 0.170938705263
35454.9 0.17891712
35549.9354839 0.164098619355
35645.3181818 0.160258654545
35758.2258065 0.197682012903
35856.6969697 0.580627272727
35950.9259259 0.58018237037
36059.625 0.579212625
36150.1923077 0.577284307692
36254.44 0.57390608
36344.6071429 0.569378
36443.0 0.568778636364
36548.5263158 0.569924947368
36656.7826087 0.57292573913
36753.4285714 0.571888071429
36852.4482759 0.569064965517
36948.037037 0.561106148148
37050.6969697 0.559497272727
37153.3714286 0.558813257143
37243.12 0.65498672
37352.25 0.780152375
37456.25 0.7945475
37556.88 0.85774656
37666.2162162 0.899997513514
37754.24 0.83855608
37851.0 0.786843583333
37949.2888889 0.753398888889
38048.64 0.74204016
38156.8666667 0.737592
38250.3703704 0.731669555556
38358.5454545 0.722936545455
38446.72 0.7097184
38562.7407407 0.707377925926
38656.6923077 0.699859384615
38757.1111111 0.694369555556
38856.4634146 0.69137
38942.88 0.68748384
39054.2 0.6849658
39154.7741935 0.682550516129
39247.5714286 0.679809619048
39345.5 0.679240166667
39456.483871 0.673884258065
39544.8888889 0.669749777778
39658.4117647 0.664081411765
39756.0833333 0.6620285
39851.24 0.65975704
39954.4666667 0.660575466667
40051.3478261 0.659428782609
40157.0833333 0.655244666667
40237.6923077 0.653987846154
40354.5909091 0.652986727273
40447.826087 0.652246434783
40559.1818182 0.650722545455
40640.1388889 0.655342944444
40747.56 0.79865296
40861.5714286 0.797506952381
40944.5818182 0.772660363636
41037.2580645 0.760691612903
41159.2 0.753041
41256.05 0.7514561
41345.4117647 0.750597058824
41447.8461538 0.750966153846
41554.2380952 0.752321428571
41639.6296296 0.768290592593
41750.5769231 0.761493538462
41847.125 0.7551518125
41954.9310345 0.758944965517
42061.3846154 0.743275269231
42146.075 0.71418575
42259.08 0.71012352
42356.9545455 0.714001272727
42450.0 0.711135310345
42545.7826087 0.708332956522
42638.2727273 0.709035272727
42755.3947368 0.715307947368
42853.2941176 0.699470470588
42951.8125 0.69895225
43056.2083333 0.698056666667
43156.125 0.697989375
43256.8666667 0.6990036
43347.5714286 0.701515642857
43456.4444444 0.723262555556
43547.56 0.75683888
43652.7647059 0.744639764706
43752.5102041 0.726265591837
43844.9130435 0.695343913043
43963.2962963 0.659815481481
44051.5428571 0.648449942857
44158.8181818 0.649217
44246.9166667 0.647733583333
44361.64 0.64759808
44460.3333333 0.648339
44555.5454545 0.646862727273
44651.9166667 0.649137416667
44763.28 0.65095552
44862.5185185 0.651480740741
44947.4545455 0.644922787879
45052.85 0.6440205
45153.28 0.661056
45249.245283 0.646408754717
45349.4761905 0.644128285714
45460.6363636 0.644532363636
45548.3 0.64108235
45649.4545455 0.642463181818
45757.0714286 0.646291857143
45845.0 0.654954206897
45942.6538462 0.664117923077
46041.2 0.6642029
46153.625 0.66849745
46251.1956522 0.663493956522
46345.1785714 0.658114214286
46452.8823529 0.657553764706
46568.0 0.660223692308
46653.2352941 0.659109235294
46744.3043478 0.6525
46860.5833333 0.652641916667
46955.24 0.65603128
47057.875 0.652501833333
47166.0555556 0.651339555556
47256.0714286 0.652634642857
47356.15625 0.72444225
47459.78125 0.733897125
47547.6481481 0.725162222222
47656.0294118 0.727651352941
47746.6060606 0.718679272727
47855.4166667 0.712739416667
47946.5428571 0.711000228571
48047.8148148 0.710082148148
48152.7884615 0.715880153846
48254.3333333 0.713172416667
48342.5925926 0.711058074074
48450.46875 0.7115379375
48546.2222222 0.711258333333
48655.0333333 0.711038933333
48749.3448276 0.727264344828
48855.8666667 0.733470066667
48952.1333333 0.7318208
49055.9583333 0.730869083333
49153.8846154 0.726054153846
49241.8333333 0.721110583333
49355.6086957 0.720262956522
49447.2666667 0.718952933333
49540.1538462 0.718800153846
49663.125 0.717678333333
49749.3181818 0.700882090909
49862.7307692 0.692127692308
49946.7727273 0.677320272727
50044.7272727 0.690297272727
50155.9333333 0.697187733333
50252.1666667 0.699877666667
50348.1176471 0.697745647059
50461.16 0.68683744
50548.826087 0.658853608696
50659.7692308 0.655912307692
50759.7 0.652855
50848.9130435 0.652495304348
50957.6756757 0.653519405405
51055.2790698 0.655655534884
51152.44 0.65412896
51248.2 0.6612701
51349.125 0.6706225
51450.4285714 0.672378
51553.3333333 0.694807333333
51654.3939394 0.703928727273
51756.6666667 0.699194266667
51845.6296296 0.682019555556
51954.1481481 0.673778444444
52052.7058824 0.671735
52161.8679245 0.758704679245
52247.0571429 0.733680857143
52350.1707317 0.729150487805
52442.5 0.729552076923
52556.9411765 0.728245058824
52659.6785714 0.729192357143
52746.7234043 0.716530212766
52849.1111111 0.705594222222
52950.7083333 0.7147825
53053.7241379 0.712381931034
53149.6333333 0.702945
53252.7560976 0.704592780488
53340.8684211 0.700990052632
53454.375 0.6873272
53553.3225806 0.686821806452
53655.08 0.68663824
53737.04 0.68994096
53847.5428571 0.683229942857
53946.3142857 0.678800971429
54051.625 0.676837666667
54150.4242424 0.672445515152
54251.2972973 0.671535837838
54346.7333333 0.673789111111
54446.6774194 0.668926580645
54542.2105263 0.670498210526
54657.85 0.6718029
54744.3888889 0.6697355
54862.9583333 0.7513075
54957.3243243 0.740980162162
55050.5428571 0.722675371429
55136.6785714 0.718910285714
55254.8780488 0.718445853659
55348.12 0.72808664
55448.0 0.70927205
55552.804878 0.701692439024
55662.2666667 0.702369933333
55750.2666667 0.704048933333
55858.0 0.702483444444
55948.2333333 0.703377066667
56049.5 0.7543705
56142.3030303 0.744592484848
56248.3714286 0.734780571429
56348.875 0.731767125
56452.5 0.729873083333
56553.5 0.728141545455
56651.5 0.727711866667
56756.5405405 0.778130594595
56852.4 0.778869942857
56945.925 0.77869475
57034.8108108 0.769645675676
57152.75 0.763738166667
57243.4210526 0.746863789474
57348.4102564 0.751626564103
57455.9722222 0.741699722222
57548.1025641 0.740192717949
57639.25 0.739504142857
57748.1785714 0.736628785714
57844.0689655 0.736881241379
57959.5 0.7646804375
58043.8214286 0.756956785714
58158.5333333 0.755571266667
58256.6190476 0.74002
58350.3428571 0.735339142857
58452.4857143 0.732697314286
58552.9117647 0.733209117647
58648.1590909 0.747103409091
58758.34375 0.761354375
58853.04 0.75246784
58961.9512195 0.892146585366
59048.525 0.948145775
59144.7636364 0.870514109091
59244.4666667 0.826743733333
59355.2413793 0.812604
59456.0384615 0.810094846154
59545.3846154 0.797523897436
59638.6956522 0.784671826087
59756.9444444 0.775086888889
59858.3888889 0.771821055556
59943.53125 0.7588371875
60059.7179487 0.754032153846
60159.6060606 0.744120848485
60252.0869565 0.736961826087
60353.483871 0.733103290323
60444.7272727 0.729218090909
60554.1363636 0.722116636364
60646.7435897 0.724383794872
60747.5333333 0.726085533333
60853.5517241 0.727874965517
60944.4285714 0.725585428571
61047.0967742 0.723534
61151.0454545 0.718810909091
61246.047619 0.717106857143
61346.6551724 0.711831862069
61444.8787879 0.711366484848
61555.1666667 0.7113684
61654.375 0.7321028
61744.5555556 0.744440333333
61847.0263158 0.744438368421
61953.90625 0.745566375
62044.0344828 0.746139793103
62151.6333333 0.740988466667
62245.7297297 0.731028864865
62350.7234043 0.73999506383
62452.1875 0.728638208333
62554.2702703 0.703843297297
62651.0 0.745213894737
62739.6785714 0.781357428571
62851.9512195 0.771531268293
62947.7037037 0.769566888889
63050.6744186 0.766169581395
63152.5833333 0.747241916667
63244.5925926 0.742242074074
63345.0714286 0.7376175
63446.4545455 0.735924227273
63554.7297297 0.73236772973
63664.1730769 0.719004230769
63745.5357143 0.720776785714
63844.125 0.7210344375
63964.4242424 0.720866363636
64049.4186047 0.723197209302
64155.9142857 0.7049824
64252.3333333 0.693778424242
64359.5357143 0.691132142857
64440.6875 0.6882089375
64548.2068966 0.686896413793
64661.137931 0.688776
64743.8157895 0.686066526316
64848.3333333 0.685242166667
64960.2631579 0.778213210526
65038.0 0.717717148936
65160.3529412 0.682078823529
65254.2083333 0.680865833333
65334.7916667 0.680258916667
65455.9583333 0.681701416667
65552.6190476 0.680721619048
65665.16 0.68091944
65750.3611111 0.679542722222
65830.2 0.6767572
65955.1538462 0.675662923077
66055.3076923 0.675613538462
66156.4 0.67771816
66256.0 0.677102466667
66346.6111111 0.686903888889
66458.0 0.686538434783
66547.1904762 0.682696333333
66654.03125 0.676022
66755.0384615 0.675529538462
66855.0689655 0.672077862069
66951.7878788 0.670565151515
67057.1363636 0.684294909091
67168.6521739 0.706226695652
67253.90625 0.7227809375
67341.7407407 0.897402740741
67452.9767442 0.885051395349
67548.2758621 0.874832275862
67651.2916667 0.784801166667
67748.8378378 0.680541459459
67845.125 0.6762006875
67943.4444444 0.676975555556
68043.46875 0.6751601875
68149.5909091 0.673591545455
68259.5 0.674395642857
68355.1071429 0.673583857143
68457.5714286 0.673454857143
68556.4583333 0.676350833333
68642.84 0.67592712
68741.6111111 0.677684666667
68856.4666667 0.678242933333
68959.12 0.679316
69047.21875 0.679166875
69153.12 0.68076376
69259.3823529 0.674512235294
69353.6296296 0.672055481481
69456.875 0.670410916667
69560.7142857 0.670905142857
69655.4571429 0.666874914286
69750.9615385 0.669779461538
69856.2903226 0.669543677419
69945.9375 0.66495725
70051.9285714 0.666872
70147.32 0.6697148
70246.3703704 0.670949555556
70343.8064516 0.66740316129
70451.1818182 0.705821
70544.3571429 0.726623642857
70654.7307692 0.670592846154
70751.1428571 0.674091428571
70844.7777778 0.687165
70950.8666667 0.679785733333
71057.3939394 0.671001212121
71149.6551724 0.664750827586
71262.7741935 0.661458451613
71347.6470588 0.659699058824
71446.9615385 0.660181076923
71548.25 0.663186642857
71648.5384615 0.666163384615
71750.3809524 0.672525095238
71852.8709677 0.693756451613
71941.5121951 0.69196097561
72049.0666667 0.671111266667
72146.8857143 0.658348571429
72247.96 0.65961304
72349.2592593 0.659570296296
72442.59375 0.660558875
72556.0 0.660752514286
72649.0810811 0.660209783784
72750.7647059 0.664059529412
72849.0 0.673369314286
72950.0 0.670106727273
73042.4230769 0.671913615385
73159.5909091 0.670216454545
73251.25 0.6597698
73356.8181818 0.655978484848
73459.1034483 0.657283310345
73573.4615385 0.658204461538
73655.7037037 0.656326962963
73738.45 0.6562374
73845.6129032 0.657331483871
73950.5 0.6584993
74046.4782609 0.659201304348
74160.1818182 0.685302363636
74251.6666667 0.688007904762
74354.4230769 0.690351153846
74450.8888889 0.694806222222
74551.0 0.728816137931
74646.25 0.767941583333
74736.7916667 0.767792583333
74844.88 0.76713256
74949.0588235 0.768642470588
75034.6 0.768987466667
75140.16 0.76598368
75251.5526316 0.758253578947
75351.6296296 0.906449111111
75445.5 0.832289608696
75547.0 0.767704342857
75649.8974359 0.715383948718
75753.7878788 0.672950242424
75852.6538462 0.667574615385
75953.7058824 0.662769352941
76044.16 0.65896144
76154.9545455 0.661179
76252.2571429 0.6668848
76351.7241379 0.683488
76456.4333333 0.731499866667
76552.2045455 0.714105863636
76635.03125 0.692194125
76759.1764706 0.677134588235
76843.6 0.677895911111
76943.8709677 0.682727290323
77057.65 0.7120573
77152.1627907 0.737250790698
77247.7142857 0.730245071429
77343.6829268 0.708848439024
77456.75 0.70201025
77552.9565217 0.705155391304
77666.0357143 0.700987785714
77742.3589744 0.690116615385
77846.2083333 0.6895935
77952.65 0.6893886
78042.8787879 0.682228
78144.2 0.67935176
78256.3611111 0.681325166667
78357.7727273 0.681971636364
78458.84 0.6781172
78550.0606061 0.672082181818
78651.9761905 0.66946
78757.5641026 0.669748461538
78849.893617 0.675913531915
78941.9534884 0.682759953488
79046.21875 0.6791791875
79159.5769231 0.709522076923
79255.2173913 0.692090782609
79356.2962963 0.78179162963
79455.0963855 0.892153180723
79547.6538462 0.711375435897
79651.5151515 0.685093151515
79740.1 0.680331133333
79852.6666667 0.674669583333
79947.3571429 0.669540571429
80060.4090909 0.693080363636
80155.8518519 0.705518740741
80251.1111111 0.706119444444
80352.8823529 0.706614705882
80456.5 0.701937157895
80543.875 0.6922189
80636.59375 0.6583589375
80748.125 0.6500224375
80863.6428571 0.6529755
80956.862069 0.655815862069
81052.4285714 0.6547652
81159.6956522 0.653343304348
81253.3913043 0.656122347826
81346.15625 0.67541575
81444.1290323 0.669042516129
81553.1034483 0.653131793103
81650.6666667 0.65370975
81758.1 0.653785333333
81847.5862069 0.715634896552
81947.9459459 0.864647621622
82057.1707317 0.830341902439
82151.4081633 0.75489277551
82253.05 0.70974485
82344.2 0.70107008
82447.5588235 0.691443176471
82557.2272727 0.695569
82653.05 0.6937805
82755.8205128 0.686656153846
82853.0 0.678415142857
82939.3333333 0.67653875
83043.5 0.676441875
83162.8 0.6773528
83245.2 0.673341828571
83341.0526316 0.666182736842
83460.0689655 0.665089586207
83557.3 0.6617114
83649.4090909 0.658419636364
83749.9677419 0.720197225806
83851.1333333 0.721200933333
83949.3529412 0.713868470588
84050.7241379 0.710636758621
84144.8611111 0.687402388889
84250.06 0.64145944
84336.7 0.633172666667
84449.3714286 0.625044571429
84556.6666667 0.624313238095
84653.0285714 0.6195548
84752.2307692 0.618191692308
84848.0416667 0.611089
84946.3 0.6070017
85046.8125 0.60381425
85158.5333333 0.6022196
85252.7222222 0.601927777778
85366.1111111 0.601457666667
85444.6923077 0.594211076923
85549.1818182 0.591865818182
85653.8846154 0.589449923077
85760.0 0.585952153846
85841.2083333 0.58140425
85949.027027 0.573140594595
86051.1538462 0.572487282051
86156.4782609 0.574583043478
86253.1470588 0.575790882353
86351.3333333 0.58148
86445.8974359 0.568734205128
86546.3703704 0.567623481481
86654.36 0.56952672
86759.6578947 0.576607052632
86843.96 0.60855192
86948.3235294 0.595256764706
87053.2 0.57913568
87155.8148148 0.592061037037
87254.0133333 0.649825546667
87342.46875 0.564370875
87449.9666667 0.559618266667
87556.9444444 0.559043333333
87649.4230769 0.558627076923
87744.5384615 0.55495
87863.8076923 0.548338923077
87950.6 0.5427869
88046.6875 0.5423308125
88156.0322581 0.540276387097
88244.0540541 0.544008486486
88356.7407407 0.544266666667
88454.2380952 0.539836285714
88551.34375 0.5366189375
88654.8181818 0.526890060606
88760.7419355 0.524396129032
88837.5517241 0.524481034483
88951.375 0.5235750625
89051.4848485 0.523199636364
89160.0625 0.5315091875
89263.7777778 0.672216740741
89354.5357143 0.671825642857
89456.2769231 0.708959446154
89549.9818182 0.6579248
89648.1794872 0.568402205128
89747.3888889 0.550493
89850.483871 0.541691483871
89946.8333333 0.544849066667
90048.137931 0.54378137931
90143.1428571 0.5403315
90263.3421053 0.532310052632
90347.3928571 0.5136775
90445.0512821 0.500484461538
90543.4651163 0.501448372093
90646.55 0.4965946
90751.0833333 0.538614166667
90854.9090909 0.545861090909
90955.5 0.554604461538
91055.6333333 0.552314533333
91149.8947368 0.542366315789
91257.8695652 0.534888782609
91344.1923077 0.529999
91445.3333333 0.528618181818
91557.1176471 0.522763411765
91656.32 0.51995688
91751.0 0.5155004
91848.3030303 0.540585757576
91959.1714286 0.541613428571
92056.4827586 0.529402448276
92142.8285714 0.508072571429
92261.71875 0.487860375
92347.8387097 0.476603419355
92455.4642857 0.472838642857
92551.84 0.47256576
92657.1515152 0.465272242424
92738.8717949 0.461706102564
92851.1081081 0.472564162162
92953.7272727 0.471156272727
93045.1666667 0.469330444444
93154.6969697 0.462137151515
93253.25 0.4677366
93357.1176471 0.473859647059
93445.4285714 0.499879314286
93546.7692308 0.483878
93648.8461538 0.455045435897
93753.6976744 0.428821209302
93852.28125 0.414649
93955.8888889 0.394894166667
94060.9583333 0.38603225
94156.8 0.3762492
94236.5 0.379132333333
94361.6666667 0.375475555556
94444.0 0.373465428571
94550.8965517 0.371498275862
94651.375 0.372322333333
94741.2058824 0.373462294118
94848.4090909 0.370653454545
94953.64 0.36993312
95057.2 0.3713852
95153.9166667 0.370768166667
95248.2142857 0.369491
95353.1764706 0.528849647059
95452.4166667 0.6715935
95544.047619 0.669282285714
95650.2380952 0.670901428571
95747.66 0.52239952
95849.6944444 0.374559888889
95949.826087 0.367594782609
96050.3333333 0.368532444444
96145.2692308 0.378961153846
96242.7 0.377373133333
96351.5833333 0.375842916667
96449.4516129 0.370908258065
96538.0740741 0.370499407407
96651.0 0.369039368421
96754.0 0.368319793103
96862.0 0.368029777778
96951.5714286 0.368505428571
97059.0 0.369225
97160.8947368 0.367614736842
97260.4074074 0.366200666667
97345.5833333 0.367298083333
97453.9583333 0.403747916667
97544.2727273 0.414450909091
97649.3333333 0.402277333333
97741.9166667 0.4029235
97850.25 0.40333425
97960.6428571 0.401412
98047.1875 0.400212
98149.7692308 0.399301538462
98255.4848485 0.39509830303
98354.0 0.390673931034
98458.2083333 0.403264333333
98552.7037037 0.397123851852
98665.2 0.387396533333
98756.3 0.3876218
98848.2272727 0.389315545455
98962.7333333 0.389040133333
99054.2962963 0.389119703704
99144.7692308 0.391162769231
99248.2580645 0.394101806452
99351.3043478 0.391382086957
99459.0526316 0.385845157895
99548.125 0.39036375
99651.7575758 0.411683878788
99754.2903226 0.417248709677
99849.8888889 0.419540888889
99951.96875 0.4161260625
100038.65 0.4168599
100154.583333 0.414399666667
100259.578947 0.411722421053
100355.35 0.4125443
100449.791667 0.413064833333
100552.90625 0.3956935
100655.478261 0.378408956522
100778.636364 0.377975818182
100857.481481 0.378964
100941.827586 0.374001448276
101052.84 0.37051712
101150.705882 0.364832
101252.73913 0.362590869565
101353.461538 0.361541794872
101444.0 0.686914173913
101563.40625 0.9415253125
101650.738095 0.94340552381
101741.3 0.9449296
101863.774194 0.94534283871
101947.8 0.945572266667
102049.074074 0.947325185185
102155.652174 0.947348869565
102254.0 0.948420857143
102355.566667 0.952613933333
102443.4375 0.956161
102557.391304 0.957296347826
102658.884615 0.956456769231
102748.555556 0.958634444444
102853.454545 0.956196424242
102952.826087 0.955169652174
103051.787879 0.954304727273
103155.555556 0.954040055556
103263.857143 0.960817071429
103347.294118 0.963634705882
103458.0 0.963265777778
103550.545455 0.959881272727
103654.608696 0.959768695652
103760.242424 0.961689393939
103843.68 0.958762
103961.551724 0.955776482759
104037.966667 0.961808733333
104161.083333 0.964319166667
104233.64 0.96852968
104360.1875 0.970051
104454.875 0.970934625
104543.366667 0.970672266667
104661.380952 0.969686857143
104754.318182 0.967387363636
104835.916667 0.964043916667
104958.277778 0.964458777778
105051.882353 0.968810941176
105141.588235 0.965779411765
105243.694444 0.958392722222
105348.947368 0.954977368421
105451.777778 0.955384666667
105557.096774 0.957084258065
105653.26087 0.957119130435
105752.24 0.95681832
105857.352941 0.956220823529
105953.636364 0.955540727273
106055.096774 0.955119548387
106147.0 0.953203714286
106248.116279 0.953490418605
106351.37037 0.955658814815
106453.612903 0.954167354839
106552.333333 0.949919757576
106654.548387 0.946760580645
106752.904762 0.945201619048
106851.413043 0.945569043478
106951.083333 0.943814222222
107045.357143 0.94594347619
107152.0 0.947956277778
107251.925 0.9554658
107330.590909 0.956986545455
107448.272727 0.955551727273
107570.73913 0.955825565217
107650.821429 0.956218714286
107740.971429 0.956278571429
107852.142857 0.961521771429
107947.903226 0.963003290323
108048.185185 0.959058518519
108156.0 0.958009666667
108253.826087 0.958815652174
108344.628571 0.959121314286
108448.913043 0.958345391304
108565.666667 0.958275555556
108642.227273 0.957947454545
108762.942857 0.957852857143
108855.682927 0.958577560976
108953.520833 0.958800208333
109053.138889 0.958933944444
109145.37931 0.961197862069
109245.744186 0.961441023256
109351.324324 0.958079621622
109455.106383 0.958434808511
109551.333333 0.957462714286
109660.875 0.9591886875
109756.769231 0.961672692308
109858.4 0.961551466667
109953.034483 0.958534689655
110052.0 0.958858484848
110151.947368 0.957081105263
110246.133333 0.953199333333
110347.607143 0.950894357143
110459.0 0.9517396
110541.25 0.9502315
110648.8125 0.9509895
110750.521739 0.951794695652
110853.230769 0.951148384615
110963.461538 0.949985692308
111049.193548 0.948157096774
111154.052632 0.949734526316
111252.217391 0.951318173913
111353.857143 0.968837142857
111447.265306 0.972893346939
111551.333333 0.959467333333
111658.68 0.95621296
111743.2 0.9553908
111846.478261 0.954232
111948.25 0.956358583333
112047.869565 0.958296695652
112140.928571 0.960729
112248.488372 0.960558186047
112357.351351 0.956022810811
112457.157895 0.956466526316
112552.380952 0.955785904762
112643.590909 0.955447818182
112752.310345 0.95407062069
112853.157895 0.955407578947
112949.827586 0.955622068966
113059.0 0.953910461538
113153.647059 0.955048352941
113248.307692 0.955491769231
113348.466667 0.957191666667
113442.380952 0.957425904762
113549.761905 0.958213238095
113651.52381 0.957602857143
113757.928571 0.958769142857
113864.8 0.959449866667
113952.461538 0.961126846154
114046.709677 0.961994774194
114152.775 0.9614079
114248.342857 0.961244628571
114345.035714 0.963653
114448.40625 0.964053
114559.0 0.965913368421
114647.0625 0.966059625
114741.933333 0.963899733333
114856.548387 0.963573677419
114944.133333 0.962748333333
115040.692308 0.963037076923
115139.238095 0.96183447619
115264.433333 0.9623102
115342.384615 0.962587538462
115452.844444 0.962626755556
115552.040816 0.958668857143
115649.5 0.96046952381
115742.529412 0.960265764706
115852.923077 0.956874307692
115947.125 0.9541515
116058.666667 0.953025866667
116151.0 0.951850380952
116230.37931 0.95044937931
116355.36 0.94819712
116452.481481 0.950307703704
116554.833333 0.954177166667
116651.454545 0.963184818182
116757.84375 0.9579915625
116847.73913 0.955312608696
