4917.61111979 0.151690884482
10149.4366197 0.145669278873
10250.7285714 0.144100205714
10346.4788732 0.136321921127
10456.9365079 0.137194320635
10556.5178571 0.134615707143
10649.40625 0.13616685625
10752.0909091 0.127726690909
10847.483871 0.125911567742
10949.2608696 0.125512621739
11042.6721311 0.123493239344
11149.6078431 0.121040215686
11254.1639344 0.116760583607
11349.0535714 0.115071682143
11456.6111111 0.114267127778
11559.7391304 0.113988713043
11648.1147541 0.121862163934
11746.971831 0.163257960563
11853.109375 0.142654103125
11949.3538462 0.135629615385
12039.4489796 0.157687502041
12147.8888889 0.195216227778
12262.3695652 0.193220952174
12352.372093 0.188333795349
12446.440678 0.180391640678
12553.1830986 0.177542540845
12647.1785714 0.175791142857
12743.0638298 0.172628225532
12851.8867925 0.172749550943
12948.2653061 0.172112767347
13061.6190476 0.170897819048
13152.8965517 0.1680328
13253.5833333 0.168634138889
13357.326087 0.232966886957
13458.6973684 0.230066147368
13553.4210526 0.43746955
13648.4078947 0.510729421053
13748.6071429 0.511022
13847.9836066 0.513759606557
13956.234375 0.52282778125
14052.3409091 0.531323681818
14145.7368421 0.552364526316
14254.1333333 0.53372336
14351.6847826 0.507020586957
14450.0 0.506322594059
14549.7835052 0.501861319588
14649.2247191 0.477645213483
14749.8674699 0.454637542169
14851.4204545 0.431198454545
14948.7346939 0.406576489796
15046.3604651 0.381187813953
15152.7777778 0.371812622222
15250.4747475 0.353822181818
15350.0 0.246796
15450.0 0.154950877228
15550.4886364 0.130419495455
15647.5890411 0.122997309589
15746.6833333 0.12006336
15856.6341463 0.116892156098
15947.6 0.117743124
16053.6904762 0.11920237619
16146.8235294 0.120020839216
16253.6875 0.121430770833
16344.1935484 0.121597658065
16455.5357143 0.120462889286
16552.7222222 0.119519822222
16646.2727273 0.123949387879
16753.64 0.133841952
16845.7746479 0.126568830986
16959.3023256 0.124957055814
17056.1320755 0.123583671698
17151.0392157 0.123344494118
17257.5806452 0.117676987097
17346.6619718 0.117037047887
17450.1428571 0.115878839286
17551.625 0.118743490625
17661.5106383 0.121523765957
17745.6382979 0.159510102128
17858.0833333 0.233988933333
17948.3370787 0.159525202247
18046.7534247 0.135310575342
18149.6891892 0.128602694595
18248.2463768 0.124120028986
18346.1956522 0.126052608696
18457.3333333 0.128556733333
18554.4897959 0.127672220408
18652.0731707 0.124134287805
18743.0 0.123379786957
18853.0327869 0.120536813115
18955.7307692 0.120383123077
19049.9787234 0.12204406383
19148.6909091 0.122445229091
19254.4693878 0.120000665306
19341.6363636 0.119911636364
19462.7647059 0.12421225098
19548.2142857 0.175400625
19654.0 0.260676414458
19745.0681818 0.187310681818
19843.734375 0.17559415
19950.8382353 0.153627626471
20048.0178571 0.147982617857
20152.030303 0.14558969697
20245.3666667 0.144598233333
20345.56 0.144332168
20446.0 0.143015544444
20557.8571429 0.142901148571
20654.7058824 0.142846082353
20752.8333333 0.139575738095
20853.5555556 0.141554916667
20951.9230769 0.143411363077
21048.4313725 0.221035152941
21159.1594203 0.291985130435
21246.0 0.246590857143
21349.5555556 0.225394222222
21450.4745763 0.212590440678
21551.8484848 0.195213966667
21649.6710526 0.185745592105
21750.3636364 0.214230897727
21852.6438356 0.165095254795
21952.7464789 0.159615692958
22044.38 0.149547076
22143.1818182 0.144998042424
22256.3333333 0.142717604444
22354.3508772 0.134536778947
22457.9393939 0.131080472727
22542.1282051 0.129402153846
22645.8064516 0.129085903226
22759.6923077 0.12834535
22853.7254902 0.127841811765
22950.025 0.132720645
23055.3636364 0.132558757576
23149.5818182 0.129565687273
23253.8863636 0.129741372727
23359.9846154 0.205441363077
23441.2758621 0.18249267931
23551.6779661 0.183446315254
23651.3396226 0.181090471698
23748.9268293 0.181528009756
23849.8913043 0.185879573913
23964.8636364 0.186714963636
24049.7857143 0.189356157143
24142.4047619 0.176475666667
24245.0377358 0.170612396226
24347.4 0.17169846
24452.9777778 0.172481515556
24554.1967213 0.150583209836
24649.6315789 0.128178168421
24750.4 0.126533942857
24839.0384615 0.129729776923
24937.1538462 0.127425530769
25050.4901961 0.120917317647
25148.0555556 0.122096172222
25250.804878 0.121095814634
25348.6428571 0.124513542857
25450.5714286 0.168825071429
25549.0847458 0.161593925424
25655.0576923 0.158363988462
25745.0892857 0.138276557143
25847.5714286 0.121455167857
25953.6521739 0.114019130435
26049.3695652 0.115190265217
26156.7083333 0.114919616667
26247.1702128 0.115890753191
26350.3928571 0.11774885
26453.5555556 0.116803044444
26552.5609756 0.117027282927
26653.3913043 0.116087569565
26749.9803922 0.150779227451
26847.2195122 0.151631307317
26955.3658537 0.16534122439
27052.9622642 0.241608037736
27148.8181818 0.220914454545
27255.1219512 0.215115512195
27354.8490566 0.205243935849
27443.1052632 0.203924605263
27547.1836735 0.216263795918
27649.137931 0.21169
27765.0 0.205271448889
27856.7538462 0.188332830769
27953.0392157 0.186140823529
28043.0806452 0.1832198
28148.1384615 0.179044123077
28245.96 0.14938944
28351.1587302 0.13988707619
28453.9298246 0.103852764912
28552.490566 0.104091264151
28653.55 0.10121835
28749.425 0.096997005
28858.2368421 0.289754652632
28948.4642857 0.2683675
29045.7391304 0.266640173913
29149.3934426 0.262939114754
29252.5757576 0.252964272727
29341.5833333 0.2276332
29446.4516129 0.204040432258
29549.5245902 0.206294508197
29640.0 0.208367644444
29750.3157895 0.203147824561
29857.0980392 0.206245447059
29957.7142857 0.250946428571
30049.1754386 0.281198245614
30153.96 0.228012752
30241.3636364 0.210669829091
30349.8484848 0.19734580303
30450.1803279 0.191937340984
30553.8333333 0.18912006
30645.4680851 0.190823889362
30748.0731707 0.188677209756
30848.1521739 0.186139330435
30945.3478261 0.185331269565
31047.7 0.184317636
31150.2297297 0.18398012973
31254.2291667 0.1841921375
31346.4561404 0.182839277193
31444.2857143 0.179125017143
31545.9047619 0.180066314286
31652.5714286 0.177207774603
31747.3559322 0.176856945763
31837.9215686 0.204058258824
31943.2608696 0.226884478261
32047.2131148 0.222203147541
32151.9607843 0.235604039216
32246.2857143 0.231254357143
32347.75 0.236861214286
32456.6521739 0.248692478261
32555.1956522 0.231751347826
32654.6666667 0.156594503333
32749.7727273 0.150475230303
32844.7741935 0.136821503226
32940.3913043 0.129551073913
33050.6538462 0.123892884615
33142.2380952 0.114633290476
33253.02 0.108278584
33351.6415094 0.0963368603774
33449.4081633 0.212040546939
33559.7777778 0.448907822222
33648.893617 0.416212638298
33739.754717 0.407858528302
33851.244898 0.390589755102
33951.0493827 0.374611259259
34049.0434783 0.313551797101
34139.7708333 0.288953375
34244.2051282 0.273477692308
34344.2916667 0.264538458333
34452.7272727 0.261403927273
34550.8823529 0.260084196078
34644.212766 0.254484851064
34753.0392157 0.229051843137
34838.1219512 0.216226682927
34950.609375 0.20585909375
35049.4603175 0.192052425397
35149.6341463 0.187868185366
35252.3035714 0.182057157143
35362.2926829 0.171117453659
35450.7843137 0.167296388235
35549.6521739 0.182188065217
35659.0 0.168431582857
35749.5882353 0.163263776471
35852.2272727 0.156901027273
35958.8888889 0.150195493333
36039.547619 0.412767061905
36147.9375 0.5729384375
36251.4130435 0.57432926087
36346.36 0.575671
36451.122807 0.663313614035
36543.5818182 0.792121672727
36654.5869565 0.788444086957
36752.5737705 0.782701409836
36850.6956522 0.780548652174
36945.6956522 0.779228869565
37064.2325581 0.778310418605
37153.4848485 0.767257575758
37250.1355932 0.758576983051
37342.627451 0.754984980392
37448.6428571 0.750321
37557.1521739 0.760814173913
37648.5121951 0.809627512195
37771.25 0.87975795
37848.5357143 0.826001642857
37948.5333333 0.7725634
38052.2131148 0.744717639344
38147.7636364 0.725686872727
38250.7843137 0.721516352941
38348.3043478 0.717372217391
38450.2439024 0.70979795122
38553.6885246 0.703322131148
38651.8301887 0.686121622642
38742.6779661 0.678984
38854.5714286 0.669692693878
38955.0 0.66576275
39052.15 0.6618614
39149.5737705 0.654529442623
39248.8 0.6557066
39351.6206897 0.656423275862
39447.92 0.65765356
39550.5098039 0.659418901961
39660.7419355 0.658708322581
39748.2941176 0.657655921569
39864.6 0.65646444
39952.8653846 0.658890730769
40050.9756098 0.797466195122
40141.0714286 0.804260607143
40247.5344828 0.782275689655
40344.65625 0.75953109375
40443.6190476 0.754512857143
40548.0487805 0.752234780488
40652.7592593 0.751433111111
40750.3409091 0.749448545455
40844.1071429 0.748134928571
40940.8 0.7475032
41051.9130435 0.749436043478
41148.6956522 0.752418521739
41250.6944444 0.752359944444
41360.9166667 0.743206766667
41447.295082 0.710117803279
41546.9444444 0.703678777778
41651.5769231 0.7031065
41757.4285714 0.710237795918
41858.0697674 0.721197255814
41949.0 0.7050012
42046.7735849 0.704310792453
42155.3454545 0.707196763636
42246.8392857 0.704135571429
42338.8695652 0.708142826087
42452.7391304 0.706608608696
42557.4193548 0.707281806452
42641.7777778 0.707044666667
42749.8372093 0.707857023256
42854.9117647 0.719968823529
42953.6590909 0.717755545455
43060.7704918 0.700619606557
43142.2321429 0.669484035714
43266.8571429 0.661481071429
43359.7592593 0.651537888889
43452.0 0.646194808511
43548.0909091 0.646941381818
43648.6530612 0.66755077551
43749.5416667 0.699567625
43850.8 0.68899364
43952.18 0.68720708
44053.4655172 0.684385689655
44146.1219512 0.659003609756
44245.3333333 0.650769254902
44344.4464286 0.647609607143
44460.3333333 0.646198952381
44545.2682927 0.646546829268
44644.6097561 0.647338634146
44757.6923077 0.647504
44850.1219512 0.646562097561
44948.3333333 0.648204352941
45054.9482759 0.644592482759
45137.8 0.64155635
45255.4571429 0.657333257143
45350.1730769 0.649395807692
45448.4333333 0.645277133333
45554.1527778 0.651897861111
45652.1481481 0.642264
45743.375 0.643499125
45850.3913043 0.649433
45948.9836066 0.646561967213
46054.515625 0.65494675
46143.1206897 0.64987237931
46248.6607143 0.654957321429
46355.3870968 0.663461354839
46446.9714286 0.660820285714
46543.2826087 0.658202
46659.6666667 0.657355764706
46737.1388889 0.660477722222
46853.7 0.66420164
46950.4358974 0.666210666667
47034.9074074 0.658522
47147.8846154 0.656619153846
47253.3055556 0.653883277778
47357.1428571 0.652704971429
47450.2884615 0.650829576923
47548.6136364 0.668416454545
47654.5322581 0.735199129032
47751.5522388 0.724329253731
47845.8863636 0.718403636364
47954.1904762 0.719136428571
48051.4461538 0.714055876923
48143.2325581 0.710021302326
48247.4285714 0.707410035714
48352.9545455 0.715735818182
48447.195122 0.710977121951
48545.5490196 0.710820862745
48651.8809524 0.710601857143
48746.4 0.712302755556
48849.9830508 0.710425525424
48951.8372093 0.715426325581
49056.9347826 0.733801434783
49144.7073171 0.733493121951
49269.2258065 0.729671612903
49340.1521739 0.724932913043
49454.0655738 0.724076163934
49545.6097561 0.720463756098
49649.3055556 0.721080277778
49747.5686275 0.719700509804
49851.4545455 0.717652136364
49949.9411765 0.712048323529
50046.7142857 0.696446938776
50140.8604651 0.692495488372
50248.0784314 0.701669686275
50349.8888889 0.705891555556
50444.1632653 0.698731346939
50559.4210526 0.698073263158
50657.6730769 0.686651230769
50747.1969697 0.660153
50844.5238095 0.656029206349
50953.75 0.652006892857
51051.56 0.6505114
51157.1904762 0.652478809524
51253.6730769 0.652378
51351.8297872 0.656020553191
51449.4716981 0.651605698113
51540.3589744 0.686352974359
51655.2682927 0.70198795122
51757.4754098 0.694890229508
51853.5641026 0.688853487179
51951.3043478 0.689345608696
52050.1818182 0.686574545455
52147.3239437 0.668649577465
52250.2857143 0.677377485714
52343.0961538 0.676409653846
52451.3139535 0.763106534884
52549.5357143 0.738410892857
52651.2826087 0.737852695652
52746.3409091 0.736672772727
52856.0784314 0.737108039216
52962.0526316 0.734596
53048.5675676 0.71674972973
53148.6037736 0.709609849057
53250.2321429 0.716179071429
53351.7105263 0.706109447368
53440.25 0.695932
53554.6885246 0.687645770492
53651.3442623 0.683277606557
53746.9672131 0.683212196721
53850.4285714 0.683382507937
53951.212766 0.677186893617
54052.5967742 0.675827612903
54146.4038462 0.676349807692
54250.1 0.67650884
54354.4363636 0.675469090909
54453.1551724 0.669443172414
54550.0465116 0.668817534884
54644.6166667 0.6703078
54748.7804878 0.673192829268
54843.28 0.6699038
54954.1147541 0.670219016393
55044.0895522 0.757030268657
55152.1714286 0.728499314286
55249.8928571 0.710315428571
55358.5609756 0.710189073171
55442.173913 0.716961434783
55558.9285714 0.72685225
55650.2156863 0.732635137255
55748.1967213 0.709174885246
55840.5625 0.700439916667
55950.7179487 0.702823692308
56055.627451 0.702463490196
56148.9090909 0.702711121212
56253.0 0.703401658537
56347.0961538 0.7426415
56455.0133333 0.744152293333
56547.2394366 0.732249323944
56652.0196078 0.729176509804
56743.6451613 0.726723806452
56857.9090909 0.738951090909
56950.1785714 0.777478964286
57050.4878049 0.779300829268
57154.0151515 0.777770242424
57251.9130435 0.773828115942
57351.1632653 0.760121428571
57453.9354839 0.735193193548
57544.703125 0.72869021875
57653.7758621 0.75347862069
57748.8550725 0.739435246377
57850.1142857 0.736909942857
57943.1860465 0.735838
58040.9791667 0.735917125
58149.6170213 0.766281617021
58251.3333333 0.793773666667
58344.0357143 0.788769607143
58444.1971831 0.78285484507
58548.8478261 0.779620043478
58644.5454545 0.776297848485
58753.4705882 0.77405345098
58844.0655738 0.767601868852
58949.8196721 0.775176393443
59051.1363636 0.765457757576
59145.8709677 0.75471283871
59256.6 0.7733292
59352.5822785 0.905697367089
59448.8409091 0.933571613636
59545.4098361 0.856181672131
59649.9433962 0.825125433962
59750.7260274 0.810671068493
59852.2537313 0.791682208955
59955.9782609 0.780523565217
60053.71875 0.773725625
60156.42 0.77729376
60251.4918033 0.766173180328
60350.4313725 0.744616039216
60451.4285714 0.742003857143
60547.0185185 0.73992037037
60648.6842105 0.733908105263
60755.7746479 0.732911042254
60850.4042553 0.722265914894
60951.65 0.717041166667
61042.6046512 0.716946465116
61161.9655172 0.719069862069
61253.8823529 0.714377803922
61348.0 0.712294044444
61443.2142857 0.713200107143
61552.0 0.711707516129
61646.9607843 0.703571176471
61757.3571429 0.692390857143
61846.3387097 0.689157903226
61953.6440678 0.685848474576
62047.469697 0.685412757576
62149.3846154 0.706338861538
62252.0816327 0.719466244898
62351.2592593 0.722008333333
62449.4313725 0.722999058824
62554.3636364 0.760785636364
62653.4347826 0.725451275362
62752.9464286 0.741226535714
62848.826087 0.737138318841
62952.015625 0.7449384375
63048.7674419 0.771851255814
63152.5892857 0.763245178571
63244.559322 0.760619966102
63350.3287671 0.785884712329
63449.5810811 0.758575081081
63551.6842105 0.751562280702
63652.1929825 0.750578035088
63743.9545455 0.736999212121
63856.4528302 0.728360113208
63945.8769231 0.704772215385
64056.3469388 0.700902816327
64153.3653846 0.702671076923
64244.0243902 0.694415902439
64336.3888889 0.690955611111
64454.173913 0.691951478261
64550.1372549 0.695538588235
64657.0983607 0.692869704918
64753.8 0.68881636
64855.0892857 0.686463821429
64951.7027027 0.687594108108
65049.8378378 0.687958810811
65141.95 0.6909193
65243.804878 0.687446536585
65351.3333333 0.686912
65458.2647059 0.776119294118
65544.7118644 0.689775186441
65637.4255319 0.683291361702
65748.8333333 0.683835133333
65865.0434783 0.681799
65958.0555556 0.678706388889
66056.7906977 0.678791906977
66136.6 0.6785392
66255.0 0.6780548
66347.5217391 0.676073869565
66441.9107143 0.675383321429
66551.1111111 0.664852888889
66650.8431373 0.666651098039
66759.0217391 0.665971173913
66844.4722222 0.673868722222
66954.4821429 0.684757464286
67056.7272727 0.688347018182
67150.0634921 0.678642190476
67260.0 0.670546641509
67345.3541667 0.67122675
67453.6229508 0.671208721311
67557.0185185 0.670767259259
67642.3207547 0.69477909434
67755.1944444 0.766604444444
67851.8571429 0.897051015873
67953.4528302 0.89649445283
68045.2641509 0.870886754717
68149.4133333 0.72890112
68244.6363636 0.674402872727
68348.4807692 0.672791807692
68458.4423077 0.673211192308
68545.7758621 0.674622586207
68652.1698113 0.674009433962
68743.8958333 0.67517825
68837.1176471 0.673918117647
68946.3859649 0.675711087719
69039.08 0.6775164
69147.6341463 0.677633804878
69260.7777778 0.675400944444
69355.0 0.675008488889
69451.0888889 0.675181733333
69554.2413793 0.677410206897
69657.9803922 0.677274078431
69757.4509804 0.672858352941
69854.4285714 0.669557035714
69951.1875 0.672077
70045.8115942 0.670000405797
70151.4901961 0.665847294118
70250.2926829 0.668565804878
70349.2777778 0.668942277778
70459.4565217 0.668753086957
70556.0196078 0.668638509804
70645.0434783 0.666879608696
70757.5833333 0.750694466667
70845.2435897 0.687931230769
70951.8363636 0.675107963636
71049.7291667 0.684369041667
71148.8405797 0.672693014493
71245.9268293 0.665326829268
71353.8478261 0.671417478261
71453.5365854 0.668140878049
71555.5873016 0.663755777778
71651.4888889 0.661875777778
71754.1666667 0.661000791667
71848.56 0.66207908
71951.6296296 0.663588962963
72046.3571429 0.672468714286
72144.3478261 0.694231565217
72254.3134328 0.691260597015
72348.1071429 0.664990928571
72456.5686275 0.658863294118
72543.0 0.657869333333
72648.54 0.66001764
72747.6666667 0.661198823529
72850.8039216 0.659267882353
72956.7058824 0.65930972549
73049.3076923 0.669411076923
73148.1343284 0.677659044776
73254.2678571 0.670029678571
73356.0243902 0.669126390244
73451.9803922 0.666686784314
73543.7391304 0.657309391304
73643.3695652 0.654328130435
73745.1914894 0.655876893617
73845.4814815 0.655821518519
73949.1428571 0.655124285714
74053.547619 0.655728714286
74149.0363636 0.6555788
74251.3043478 0.664504869565
74340.3137255 0.690606431373
74454.1304348 0.691593347826
74544.8571429 0.693005238095
74655.4166667 0.695597041667
74747.6206897 0.695032241379
74847.4390244 0.693306390244
74957.8571429 0.694027828571
75047.9189189 0.694951027027
75155.8333333 0.732021444444
75251.2926829 0.76546995122
75347.4516129 0.760630580645
75447.71875 0.74403990625
75544.0930233 0.749406325581
75659.9433962 0.81841154717
75755.9836066 0.889227114754
75846.265625 0.84106146875
75958.5384615 0.820585630769
76047.3684211 0.718212552632
76157.7580645 0.665821548387
76244.1304348 0.660905086957
76352.9411765 0.66079545098
76450.7804878 0.659744
76546.5396825 0.689571269841
76653.1363636 0.705763318182
76753.75 0.698395366667
76842.1129032 0.697955967742
76946.4615385 0.688082
77048.4677419 0.676941483871
77152.9508197 0.677474065574
77250.6557377 0.675634590164
77357.6829268 0.728328390244
77447.0588235 0.740185607843
77536.5357143 0.719492321429
77650.0327869 0.703705967213
77762.8181818 0.700371727273
77852.3333333 0.699524166667
77954.972973 0.690843567568
78051.7090909 0.689296945455
78158.1666667 0.688108866667
78254.6346154 0.692108846154
78349.5961538 0.683201230769
78455.0666667 0.683446533333
78549.9215686 0.681588470588
78649.7291667 0.680666458333
78748.0169492 0.690727084746
78853.0 0.683292065574
78953.0327869 0.676817180328
79054.4754098 0.67655957377
79157.6470588 0.675876117647
79246.1785714 0.678236821429
79353.7142857 0.702563928571
79439.5 0.691212692308
79551.0444444 0.690366622222
79653.173913 0.686288826087
79750.9152542 0.738627288136
79858.1333333 0.802266533333
79949.87 0.76055624
80047.1097561 0.69105502439
80147.6938776 0.668884897959
80260.2258065 0.675500516129
80357.4705882 0.703696941176
80454.4347826 0.703743695652
80558.2826087 0.712494869565
80652.3571429 0.710865571429
80747.3404255 0.693690595745
80850.1944444 0.679210638889
80952.3275862 0.656257413793
81049.5454545 0.654873863636
81151.5333333 0.653331822222
81253.2222222 0.652084355556
81342.4509804 0.654778627451
81453.3333333 0.687080619048
81543.6065574 0.666936852459
81651.1551724 0.660015517241
81746.3076923 0.656483794872
81852.3913043 0.654210826087
81953.0 0.655002177778
82057.8333333 0.654816809524
82151.1875 0.653081916667
82256.7111111 0.651902133333
82348.2428571 0.837211228571
82447.8571429 0.85539
82548.3703704 0.813197259259
82646.9078947 0.736563342105
82752.8181818 0.705456757576
82840.0322581 0.692820516129
82967.75 0.690080166667
83045.8837209 0.674710930233
83155.2380952 0.664363761905
83249.673913 0.656858913043
83350.2432432 0.653583513514
83449.7636364 0.6485796
83550.5357143 0.644864857143
83651.4444444 0.637926133333
83743.0 0.627414870968
83847.8510638 0.621043361702
83946.8627451 0.658790901961
84050.4545455 0.684661272727
84152.0746269 0.678551104478
84245.4888889 0.671797688889
84352.9607843 0.659184392157
84448.1126761 0.618401577465
84551.295082 0.597833311475
84655.7321429 0.593266357143
84756.483871 0.588576967742
84849.8333333 0.598958541667
84939.2833333 0.6010776
85047.9555556 0.594726844444
85151.326087 0.588020130435
85246.7619048 0.586914
85358.9310345 0.588110896552
85442.6363636 0.586525151515
85553.2777778 0.585706444444
85654.5357143 0.584472785714
85746.0 0.583477
85843.877551 0.583217632653
85963.6666667 0.582398
86036.8709677 0.573180645161
86157.5555556 0.565230944444
86247.0357143 0.564379607143
86358.2926829 0.562816292683
86449.6470588 0.561715254902
86542.5 0.562639571429
86655.9767442 0.570530325581
86746.9152542 0.564256745763
86846.7368421 0.558196175439
86951.2745098 0.558138156863
87044.4857143 0.579099657143
87152.8125 0.588069725
87252.0175439 0.543771298246
87352.5882353 0.543102745098
87460.0909091 0.551038909091
87547.516129 0.574819193548
87651.6941176 0.603810211765
87741.0517241 0.53852362069
87849.7857143 0.531631535714
87957.3611111 0.528020666667
88043.5294118 0.525984941176
88151.8333333 0.526264266667
88258.8245614 0.526094736842
88347.9130435 0.522824782609
88449.5208333 0.521326625
88542.0677966 0.519512949153
88640.4117647 0.52470054902
88749.5147059 0.515206294118
88841.0333333 0.496195833333
88937.3214286 0.492948142857
89042.5116279 0.493284837209
89154.530303 0.493042575758
89244.2857143 0.493741464286
89347.5853659 0.506783414634
89446.9347826 0.496194086957
89543.4722222 0.500969777778
89645.4918033 0.653741180328
89758.1911765 0.646546029412
89845.2982456 0.604501438596
89945.2075472 0.54051509434
90049.125 0.52012171875
90141.3013699 0.581266876712
90254.0 0.573521583333
90351.4237288 0.571917423729
90447.484375 0.548577125
90534.7631579 0.538819578947
90665.1730769 0.534966269231
90750.475 0.52478175
90848.7391304 0.526846565217
90947.0163934 0.507178983607
91050.9393939 0.496196878788
91149.8235294 0.544964882353
91258.4186047 0.551790046512
91346.4230769 0.554751230769
91445.6 0.543084866667
91549.0731707 0.538924439024
91643.7843137 0.532429098039
91752.9782609 0.528397130435
91852.9574468 0.526118851064
91947.1632653 0.520517387755
92045.1086957 0.518075217391
92153.2608696 0.548793521739
92253.8333333 0.541538625
92358.3283582 0.52402641791
92440.90625 0.4934483125
92553.7058824 0.478580078431
92648.6470588 0.478300352941
92744.9642857 0.480142428571
92856.2093023 0.475852093023
92941.1355932 0.469641932203
93051.5714286 0.4664675
93152.2291667 0.469952416667
93249.6231884 0.475550956522
93346.3770492 0.470523672131
93445.1639344 0.458088557377
93539.097561 0.448766243902
93642.7647059 0.448698
93749.7096774 0.465773225806
93856.9193548 0.485328741935
93945.6 0.467356933333
94046.0392157 0.437785333333
94156.1803279 0.414045901639
94249.4057971 0.40534342029
94348.2653061 0.394249755102
94448.9215686 0.380743647059
94540.9615385 0.377151615385
94651.8333333 0.375954533333
94741.0434783 0.374179043478
94843.6944444 0.375063888889
94949.745098 0.390266431373
95045.8695652 0.674844391304
95150.4897959 0.676919836735
95250.3636364 0.677303151515
95360.1538462 0.593281538462
95445.1052632 0.401933087719
95549.6341463 0.364186292683
95658.1904762 0.362559714286
95752.9444444 0.364612888889
95867.6190476 0.364335047619
95955.5609756 0.364030926829
96057.2580645 0.364903677419
96158.2608696 0.367742695652
96250.8333333 0.370084333333
96344.9019608 0.36431145098
96453.4166667 0.365160833333
96554.1290323 0.375838193548
96649.2439024 0.376129853659
96752.3043478 0.374586869565
96847.2037037 0.369548777778
96942.3 0.369412233333
97044.9090909 0.369744636364
97156.9166667 0.368505833333
97237.4545455 0.367677272727
97363.2258065 0.367034451613
97452.8157895 0.367998473684
97557.1666667 0.367980185185
97641.0 0.367827022222
97763.5263158 0.371287403509
97852.7735849 0.375004339623
97944.9534884 0.372497581395
98044.84375 0.3753533125
98140.0217391 0.422042565217
98241.2195122 0.413060390244
98347.2580645 0.405150645161
98450.5277778 0.404218333333
98551.9722222 0.404971777778
98642.3902439 0.404823121951
98750.2978723 0.409306085106
98854.7333333 0.420384088889
98936.1764706 0.39702345098
99046.7586207 0.387097517241
99145.8333333 0.386100722222
99248.2641509 0.387113433962
99354.9259259 0.39037837037
99449.7936508 0.387527396825
99560.4464286 0.388814607143
99645.0816327 0.385308204082
99743.1219512 0.375712195122
99850.0277778 0.376446444444
99956.0 0.378525828571
100048.685714 0.381466571429
100149.754717 0.377100075472
100247.548387 0.410555032258
100349.195122 0.415385902439
100451.608696 0.411009826087
100554.777778 0.410557666667
100649.0 0.410052956522
100765.863636 0.412183727273
100851.725 0.40657255
100954.162162 0.407368648649
101044.88 0.40735092
101158.396552 0.400084
101244.769231 0.376442615385
101344.884615 0.371951692308
101453.516129 0.368080709677
101548.039216 0.370039490196
101661.1 0.36337492
101749.288462 0.354411846154
101860.875 0.34830035
101961.407407 0.349055777778
102051.57377 0.670519016393
102151.764706 0.941764862745
102252.597015 0.943282776119
102345.3 0.94287016
102440.411765 0.945987215686
102545.086957 0.94837173913
102646.219512 0.945531756098
102748.339623 0.94607890566
102841.589744 0.950078769231
102952.152174 0.951440347826
103058.829268 0.954053609756
103152.166667 0.953524888889
103249.23913 0.953963782609
103344.745098 0.953244392157
103454.222222 0.953037481481
103540.6 0.95389285
103652.296296 0.953325296296
103743.272727 0.957285818182
103850.083333 0.960812666667
103952.0625 0.960776875
104041.930233 0.960539395349
104151.333333 0.960821538462
104248.033333 0.958801233333
104349.268293 0.961812292683
104453.876923 0.971739169231
104544.666667 0.970771555556
104649.692308 0.968475153846
104744.177778 0.969543511111
104846.833333 0.968260666667
104954.12766 0.965970553191
105047.866667 0.961413511111
105150.245614 0.958853017544
105254.35 0.9561668
105354.692308 0.960174076923
105454.0 0.96363095
105542.702128 0.966280765957
105657.111111 0.966043155556
105743.870968 0.956544290323
105846.404762 0.950913761905
105948.730159 0.951572
106050.172414 0.952819241379
106164.804348 0.951620652174
106243.756098 0.951081658537
106348.678571 0.949025857143
106450.395349 0.949701767442
106547.612245 0.950417469388
106656.708333 0.951751541667
106748.581081 0.950701216216
106854.409091 0.951821515152
106952.632653 0.948673387755
107051.114286 0.9464876
107151.316456 0.946014303797
107251.369565 0.945185652174
107353.538462 0.944924
107449.533333 0.942535666667
107551.703125 0.9423966875
107652.173913 0.950111304348
107757.258065 0.951660516129
107849.1875 0.954251708333
107945.926829 0.954737463415
108049.019608 0.954991294118
108166.512195 0.955758585366
108252.810811 0.962488162162
108348.866667 0.959783966667
108448.946429 0.954670464286
108553.847826 0.95380973913
108649.8125 0.9547410625
108745.490909 0.9538868
108841.5 0.953706689655
108954.382353 0.954635823529
109045.75 0.955565769231
109145.366667 0.956067866667
109253.372881 0.95607240678
109353.079365 0.957117714286
109445.508772 0.959571333333
109540.434783 0.95988573913
109644.890909 0.959691709091
109745.565217 0.960505086957
109848.272727 0.960296727273
109949.753846 0.961431538462
110046.044118 0.963570617647
110146.030303 0.96250869697
110252.80303 0.961041242424
110346.435484 0.960977290323
110451.7 0.9603268
110561.189189 0.960978594595
110651.62 0.96160136
110758.25 0.960425
110858.086957 0.95963273913
110948.962963 0.958746592593
111053.692308 0.958991538462
111150.615385 0.959054512821
111257.930233 0.958312372093
111363.926829 0.95798995122
111459.978261 0.960770956522
111551.219512 0.959210926829
111651.846154 0.957250384615
111761.0 0.957195897436
111846.339623 0.955208792453
111949.065217 0.955966913043
112051.707317 0.958300195122
112140.26087 0.957188130435
112255.317073 0.958638243902
112354.929577 0.979931802817
112454.089552 0.976400447761
112547.830769 0.964016861538
112647.203704 0.961196222222
112748.936508 0.957129365079
112847.678571 0.955321571429
112952.130435 0.953990086957
113052.137255 0.956029647059
113157.560976 0.958470439024
113247.405405 0.958466702703
113336.72 0.9574312
113455.032258 0.958159935484
113551.888889 0.959516944444
113660.192308 0.960124076923
113746.857143 0.960275857143
113850.558824 0.960190588235
113957.139535 0.960499348837
114046.918367 0.959924979592
114155.757576 0.957050151515
114251.1 0.956609
114355.233333 0.960213933333
114441.339623 0.956193698113
114550.392857 0.95610875
114655.019608 0.955219529412
114753.434783 0.955600304348
114860.081967 0.95541442623
114952.186441 0.959511898305
115052.7 0.9617109
115145.803571 0.959722571429
115249.694915 0.958188949153
115362.730769 0.958691846154
115455.303571 0.958450892857
115549.969697 0.951026727273
115652.530612 0.948735714286
115743.796296 0.945890888889
115850.85 0.951277933333
115945.698113 0.948738943396
116053.54386 0.946611754386
116145.418182 0.948791090909
116251.851064 0.951220382979
116345.085714 0.950900628571
116457.655172 0.952858827586
116548.731707 0.951505560976
116651.395833 0.95065775
116747.509434 0.950538943396
116842.912281 0.949801859649
